-179.0 0.97473509527 0.0214680895052 0.00218624952784 
-177.0 0.976875089031 0.0192033056385 0.00185206126745 
-175.0 0.978023942155 0.0186210335887 0.0016985301911 
-173.0 0.977226646169 0.0192449175621 0.00223644401045 
-171.0 0.982545936358 0.0145911845421 0.00133969608989 
-169.0 0.985980047186 0.0117327029159 0.00147537890303 
-167.0 0.981417298465 0.0123948624344 0.00365274076543 
-165.0 0.966363185495 0.0123006726816 0.0180381445349 
-163.0 0.955161187722 0.0120834859513 0.029238135532 
-161.0 0.941663298033 0.0130229243004 0.0424803819937 
-159.0 0.934373488599 0.0152393689668 0.0481954654286 
-157.0 0.929558962805 0.0146017857532 0.0526622541637 
-155.0 0.93051510785 0.0170764008542 0.0481605652913 
-153.0 0.939558957849 0.0211235147255 0.034151519888 
-151.0 0.944821478575 0.0201486100612 0.0323932231925 
-149.0 0.94551157542 0.0282078491201 0.0225427585041 
-147.0 0.949417304571 0.0278653923849 0.0212153425357 
-145.0 0.94831997361 0.0243362129244 0.0249370433371 
-143.0 0.946982034963 0.0266771432609 0.023908692149 
-141.0 0.946510189681 0.0270173582224 0.0259637169999 
-139.0 0.943203920035 0.0307873324301 0.0255274967939 
-137.0 0.940459919947 0.0324801354883 0.0266152659611 
-135.0 0.931394517593 0.0334301135821 0.0324812014655 
-133.0 0.919947421983 0.0368949927015 0.0426062263281 
-131.0 0.915652474886 0.040608184606 0.0417792360456 
-129.0 0.906775496488 0.0486106754364 0.0436933338449 
-127.0 0.891697311412 0.0470013419151 0.0605202668526 
-125.0 0.874351398597 0.0405340015617 0.0784932450601 
-123.0 0.813175813233 0.0317872253231 0.140880915326 
-121.0 0.793680611688 0.044034306291 0.146194014338 
-119.0 0.784512696014 0.0838353609471 0.116374123758 
-117.0 0.765356748705 0.10495387602 0.112586503848 
-115.0 0.748410873438 0.11943128874 0.115150798196 
-113.0 0.736776797917 0.115805402112 0.127912119934 
-111.0 0.719970266943 0.0933823212003 0.165316714134 
-109.0 0.716370752323 0.0846881425879 0.177511184767 
-107.0 0.701981773169 0.0927823054735 0.179030411649 
-105.0 0.672869059091 0.0988440967217 0.196158684254 
-103.0 0.662973389128 0.0715803233501 0.236549356425 
-101.0 0.651450332247 0.0512219744285 0.2709451284 
-99.0 0.643985933462 0.033498397307 0.297057264594 
-97.0 0.682881904197 0.0326583259814 0.26018871367 
-95.0 0.717397716078 0.0311091629127 0.218840020554 
-93.0 0.728239072731 0.0309439156993 0.204351932639 
-91.0 0.718662391178 0.0320685116423 0.220594909814 
-89.0 0.717023478768 0.0365593423928 0.224544639513 
-87.0 0.768986503711 0.0380263263134 0.173759370198 
-85.0 0.726906381936 0.033761598521 0.206994914025 
-83.0 0.74423627261 0.0336305810003 0.189364422408 
-81.0 0.749134554657 0.0489760709041 0.186694464384 
-79.0 0.714827642599 0.059881158714 0.211539591697 
-77.0 0.607031085224 0.0588706215298 0.304684319626 
-75.0 0.550516170305 0.0753569257307 0.343742949126 
-73.0 0.469863418316 0.096554447598 0.399433384908 
-71.0 0.376763226562 0.165269414697 0.422043730515 
-69.0 0.336313121747 0.235343792257 0.391380431555 
-67.0 0.384672736301 0.166518113105 0.427600600257 
-65.0 0.41583229997 0.0995219909636 0.472672649056 
-63.0 0.452751803184 0.0670240147913 0.472131301521 
-61.0 0.495121799902 0.0580431603914 0.442826711191 
-59.0 0.550219362469 0.0361597724079 0.408208231501 
-57.0 0.582478856891 0.0338540086507 0.382632643048 
-55.0 0.604041890841 0.0341060779691 0.356437998087 
-53.0 0.61885947298 0.0399098519573 0.331656404415 
-51.0 0.651242836423 0.0454365547189 0.290703849128 
-49.0 0.695520162373 0.0685512783049 0.234334583456 
-47.0 0.726558213263 0.0734054789813 0.198629382405 
-45.0 0.738373835466 0.0722947843533 0.186659830413 
-43.0 0.753190544085 0.0751855135185 0.171593004105 
-41.0 0.780289880375 0.0941612254478 0.125549246744 
-39.0 0.839053297372 0.0914243215695 0.0691752386811 
-37.0 0.889872913677 0.0572778601696 0.0521668263326 
-35.0 0.928892841097 0.0505027511135 0.0203121984382 
-33.0 0.952133257543 0.0476444975734 0.000222597449758 
-31.0 0.953490602143 0.046142173796 0.000367576627819 
-29.0 0.953088327889 0.0456581501278 0.00125387455003 
-27.0 0.953570738575 0.0444715759764 0.00195803801551 
-25.0 0.954030970531 0.0411773338214 0.00375186604932 
-23.0 0.949047403602 0.0407090333569 0.00661297964209 
-21.0 0.956384959464 0.0299011167329 0.00911559150039 
-19.0 0.959219824613 0.0326596742943 0.00381325665384 
-17.0 0.932288632673 0.0469398017217 0.0189462871083 
-15.0 0.846295691228 0.0990312396783 0.0513104156156 
-13.0 0.81262845702 0.121968247326 0.0653529052286 
-11.0 0.787042805357 0.126267431289 0.0866901159206 
-9.0 0.708411718197 0.14085295168 0.150617136214 
-7.0 0.663403121687 0.146053742633 0.190543488247 
-5.0 0.651408124463 0.156260102033 0.192332126071 
-3.0 0.637132303487 0.169997401482 0.192870647598 
-1.0 0.630926630022 0.185840082622 0.183233639923 
1.0 0.656010475703 0.183661283411 0.160328593453 
3.0 0.668986186849 0.184069413967 0.14694475175 
5.0 0.653934062853 0.179639287787 0.166427001927 
7.0 0.625886911084 0.184225967677 0.188218993017 
9.0 0.580790556181 0.190560642028 0.227504938082 
11.0 0.545257195561 0.192752268852 0.2617513236 
13.0 0.445016002303 0.226167267257 0.327875064387 
15.0 0.351659844688 0.2468862157 0.397988188127 
17.0 0.334132048804 0.235012924266 0.427623348261 
19.0 0.324441061219 0.221221563158 0.453225097404 
21.0 0.280102343808 0.231615187342 0.486612961669 
23.0 0.26369783224 0.208919728339 0.52646318668 
25.0 0.274808296078 0.179691166951 0.545091661139 
27.0 0.268459918954 0.174847792259 0.556262757355 
29.0 0.296291797989 0.166665719305 0.536360196009 
31.0 0.322967704802 0.162958187595 0.513994208218 
33.0 0.349071264251 0.156600383711 0.494282811096 
35.0 0.385038470202 0.146863700377 0.468098181988 
37.0 0.417085618784 0.162711396421 0.420203337362 
39.0 0.436361056493 0.155129033105 0.408510262969 
41.0 0.514147921287 0.203186623778 0.282665807502 
43.0 0.514322195138 0.239039016562 0.246639140866 
45.0 0.458572096291 0.233866554834 0.307561701441 
47.0 0.475594661237 0.226516210031 0.297831033652 
49.0 0.56923614896 0.213199072121 0.217565131486 
51.0 0.681666575344 0.190603239356 0.127667436618 
53.0 0.674022487399 0.213748949078 0.108775418918 
55.0 0.638811368651 0.251169723349 0.103782046098 
57.0 0.657875343851 0.232941684596 0.107808715257 
59.0 0.694095972457 0.195464288105 0.109802917721 
61.0 0.709209626762 0.186662146144 0.103873905664 
63.0 0.703070150715 0.182205934332 0.114334080775 
65.0 0.705865129554 0.164048346873 0.129384169592 
67.0 0.699679748664 0.152432975973 0.14669044768 
69.0 0.675006460837 0.142868329526 0.181242506585 
71.0 0.664124085983 0.15218995663 0.180096473434 
73.0 0.658056717576 0.126696715538 0.214339660586 
75.0 0.604356663805 0.140276320687 0.253857031441 
77.0 0.568695235282 0.133974038724 0.295927528232 
79.0 0.567507374767 0.148056335053 0.281919712712 
81.0 0.595332833127 0.142275328773 0.260398711115 
83.0 0.62751700266 0.156022275784 0.212126284861 
85.0 0.64154036515 0.17005717585 0.184996571927 
87.0 0.651957775536 0.176371877028 0.16364436055 
89.0 0.658478246608 0.183136440167 0.148547828653 
91.0 0.661341625997 0.165551051939 0.160013441192 
93.0 0.637320551629 0.159144576501 0.188907949833 
95.0 0.602793803844 0.166395292985 0.219558703786 
97.0 0.583376206044 0.15730057196 0.25227784373 
99.0 0.517342724935 0.128064291622 0.349679997132 
101.0 0.507419284456 0.119734192542 0.366537703454 
103.0 0.485166212424 0.114738058371 0.393424420954 
105.0 0.508687651338 0.113512600165 0.370482559469 
107.0 0.570269608636 0.101589793177 0.322111209318 
109.0 0.599153029813 0.0963525660701 0.299342941516 
111.0 0.5859064465 0.0758553069145 0.334253223536 
113.0 0.576500247257 0.0707731357855 0.349737042238 
115.0 0.512162885832 0.10588309989 0.38181870191 
117.0 0.48887892418 0.121234055743 0.389887372644 
119.0 0.551666984449 0.133159285642 0.314821414929 
121.0 0.539467830562 0.1405294014 0.320003120605 
123.0 0.591320488444 0.143667024415 0.263883971108 
125.0 0.587669245735 0.149673331088 0.260884459396 
127.0 0.59054051601 0.155266474212 0.250556776695 
129.0 0.633033680775 0.138097433701 0.218988505261 
131.0 0.629006338366 0.150466773787 0.219713853093 
133.0 0.613832176392 0.145708023584 0.240111751149 
135.0 0.616182435254 0.14463215942 0.23849762893 
137.0 0.640107867049 0.137206926265 0.221144279267 
139.0 0.637395462917 0.144042733538 0.212047377777 
141.0 0.621459975576 0.156476674806 0.2144547068 
143.0 0.606143978637 0.151957320797 0.236009305285 
145.0 0.682787823991 0.109070073549 0.202578399534 
147.0 0.717390710205 0.079206730307 0.199686988587 
149.0 0.767211061648 0.0686755924141 0.160860673584 
151.0 0.816422146054 0.0596005250523 0.121681424784 
153.0 0.877572572427 0.0620314131695 0.0584982755529 
155.0 0.91607140972 0.0582297305993 0.0236434760157 
157.0 0.896023842667 0.0620950949746 0.0384438015703 
159.0 0.901646652573 0.0668145268391 0.0285721498092 
161.0 0.905714571346 0.0667542184834 0.0219651630001 
163.0 0.93008302556 0.0526692585275 0.0152109658637 
165.0 0.935205303865 0.0446869141821 0.0193601361872 
167.0 0.926974750167 0.0487742135157 0.0232227928557 
169.0 0.926660509869 0.0503487831043 0.0216129031109 
171.0 0.934744058957 0.0395114014795 0.0217219899031 
173.0 0.935593307355 0.0365079389989 0.0258564248762 
175.0 0.932403524541 0.031377269363 0.0335978294921 
177.0 0.945618772753 0.0249801824441 0.0246909436104 
179.0 0.959051791532 0.0197007740152 0.0173944374805 
