1.103054900608917560e-01 9.533293386404295688e-02 8.990547318454171488e-02 1.873002124909020627e-01
1.066823319954005311e-01 9.608694338810588875e-02 9.149370197526127124e-02 1.952280330847148970e-01
1.337607423508424265e-01 9.129910588521795989e-02 8.198550956465575079e-02 1.343727867586887725e-01
1.367532059656422494e-01 8.726142353031343668e-02 7.115619932143771309e-02 1.342931597450029990e-01
1.283829658246888883e-01 8.688010864324062499e-02 6.890779270694424863e-02 1.566296457156014232e-01
1.378814892679318949e-01 8.737674078010081169e-02 7.163741772143282505e-02 1.311612035721324565e-01
1.524968962777808190e-01 8.683163348241436374e-02 7.218848779258574266e-02 9.445272048402139631e-02
1.605180470058297504e-01 8.583837300666233294e-02 7.055644244180639402e-02 7.562124660926758390e-02
1.620812285387954466e-01 8.555950858256186620e-02 7.000066341113660162e-02 7.211287983135310220e-02
1.536241974452445536e-01 8.798394619784111192e-02 7.555971949470841054e-02 8.935913874559786585e-02
1.400627323598541141e-01 9.016808977378543144e-02 7.972600979748424577e-02 1.202415759104702719e-01
1.327478116942127917e-01 9.039712091653122339e-02 7.932815327568153163e-02 1.386968896308668764e-01
1.295008289969689363e-01 9.178350867860243789e-02 8.273213447008456733e-02 1.444555422195120953e-01
