5.470498708530450171e-01 1.750977950250769966e-01 2.778523341218779863e-01
5.451099089254354269e-01 1.770129466647905048e-01 2.778771444097740129e-01
8.021135006230557529e-01 6.757767108546425261e-02 1.303088282914800222e-01
7.372414490923382413e-01 1.629980908465204423e-02 2.464587418230095861e-01
7.500374692530705767e-01 2.861279684109888782e-02 2.213497339058306257e-01
9.026597450785728283e-01 2.587384670084242819e-02 7.146640822058479559e-02
9.804506389441171033e-01 6.785468524815626082e-03 1.276389253106712494e-02
9.771204784155629319e-01 1.090359879563883479e-02 1.197592278879807716e-02
8.628552933346463893e-01 6.895157845147981135e-02 6.819312821387372991e-02
7.491014904740407321e-01 9.277583677493833614e-02 1.581226727510209318e-01
7.240579237101036902e-01 1.039932460731012309e-01 1.719488302167951621e-01
