4.860006858854229450e-01 5.139993141145769995e-01
4.341606561292870592e-01 5.658393438707128853e-01
4.738721367010643171e-01 5.261278632989354609e-01
6.170839616600184430e-01 3.829160383399815015e-01
7.581399755143779506e-01 2.418600244856220216e-01
7.795957845568483036e-01 2.204042154431517520e-01
7.158409461971909638e-01 2.841590538028089252e-01
6.475822892702521871e-01 3.524177107297478684e-01
6.279142528557406511e-01 3.720857471442594600e-01
6.903827442146619475e-01 3.096172557853381635e-01
7.972757319555034972e-01 2.027242680444965306e-01
8.806077141884369741e-01 1.193922858115628177e-01
9.366577372557948200e-01 6.334226274420517999e-02
9.750722353075698123e-01 2.492776469243013562e-02
9.897048795532019660e-01 1.029512044679805997e-02
9.763725276620432991e-01 2.362747233795666618e-02
9.293238866628174000e-01 7.067611333718265554e-02
8.587165007136966510e-01 1.412834992863034322e-01
7.800823898607959217e-01 2.199176101392039395e-01
7.193646058681820721e-01 2.806353941318178169e-01
6.892685557139812680e-01 3.107314442860186210e-01
6.907921321190768627e-01 3.092078678809230818e-01
6.706572287599484872e-01 3.293427712400515128e-01
5.887698067302242766e-01 4.112301932697757234e-01
4.860006858854230560e-01 5.139993141145768885e-01
