1.103054900608917560e-01 9.533293386404295688e-02 8.990547318454171488e-02 1.873002124909020627e-01
1.066854259235216484e-01 9.604528900188702423e-02 9.137804761318941982e-02 1.952989408337246491e-01
1.046300099379825627e-01 9.655338008314551246e-02 9.250296529919266320e-02 1.996442154533772384e-01
1.046143786835316142e-01 9.655827079648882094e-02 9.251438172890688594e-02 1.996753161668490539e-01
1.081751887376080495e-01 9.579860783723725959e-02 9.090156481415680167e-02 1.919192032429848649e-01
1.144371870981130968e-01 9.468517771259563065e-02 8.868541305800879682e-02 1.778579523081426361e-01
1.226823632764229288e-01 9.332747436956895237e-02 8.606938300393696117e-02 1.591382708814101932e-01
1.308628979693539085e-01 9.187066007335195628e-02 8.316796969574986875e-02 1.407732363564582756e-01
1.373969683598980362e-01 9.034014557150991942e-02 7.982792492602557022e-02 1.267994162088612320e-01
1.407750143973512114e-01 8.884173033304074152e-02 7.613028362311879960e-02 1.209145123608684480e-01
1.397669447239744678e-01 8.791642333457073966e-02 7.340861637144636964e-02 1.252702368493513185e-01
1.369649700741708276e-01 8.730159183964238123e-02 7.129814709014398177e-02 1.336702447404009009e-01
1.341269974421065991e-01 8.693064432382657802e-02 6.986229408879501834e-02 1.417012712718017375e-01
1.316705800273039462e-01 8.675078291827546806e-02 6.901305479865543768e-02 1.483850841267359832e-01
1.294136047037910686e-01 8.677936186618390169e-02 6.877299949448667515e-02 1.541590785564265764e-01
1.281630293427686584e-01 8.691421987430317242e-02 6.897170767987760576e-02 1.571329719555157323e-01
1.288828055441940124e-01 8.712379426594898946e-02 6.965775888613963407e-02 1.548773610539149470e-01
1.314465795839426243e-01 8.730639116342917005e-02 7.052982944355799810e-02 1.479111428645015769e-01
1.355735878738988376e-01 8.738541863980808788e-02 7.133468339743505304e-02 1.371043974298024604e-01
1.405786031502884170e-01 8.734769456392671438e-02 7.193851743675230836e-02 1.242515364564789893e-01
1.454141739601765293e-01 8.721028067287107943e-02 7.224050930804924719e-02 1.120250486659232353e-01
1.495917339496257159e-01 8.698487384282482804e-02 7.220405210004562924e-02 1.016643906348289605e-01
1.521719219598824391e-01 8.685160617293592733e-02 7.219811915741498887e-02 9.525406270218715610e-02
1.543340459871684889e-01 8.669069356505250401e-02 7.205591875402404811e-02 8.997565190409557989e-02
1.566223643511612806e-01 8.644395768314475093e-02 7.169240081176898871e-02 8.453392984942063870e-02
1.589561687790710109e-01 8.612852963017726682e-02 7.114387795034790574e-02 7.910485946458881146e-02
1.607541271627944968e-01 8.578664567158947318e-02 7.044571739577074054e-02 7.510959946872480808e-02
1.619450846475364580e-01 8.553573349457209429e-02 6.991511606807924994e-02 7.250947260188006505e-02
1.625480645271949187e-01 8.545744009256345253e-02 6.978232246091035929e-02 7.110070886154194747e-02
1.625238248710803579e-01 8.546547243424057472e-02 6.980127534708360781e-02 7.114808829094958209e-02
1.615890771128379866e-01 8.569895096651487798e-02 7.031958106993944912e-02 7.311963268006303751e-02
1.598163301880136389e-01 8.621130905574947434e-02 7.149643186385264138e-02 7.672689664102469442e-02
1.574339360101904284e-01 8.696410207054505737e-02 7.325702744324799620e-02 8.145303084136838734e-02
1.544249801744501660e-01 8.780788175578944921e-02 7.518245291591789392e-02 8.762478118139130356e-02
1.509070560550259954e-01 8.855195221687123253e-02 7.675788774372378775e-02 9.529968451124451456e-02
1.471202016579361560e-01 8.923787185170796443e-02 7.813315900107992151e-02 1.037791819644903468e-01
1.432053067960255832e-01 8.977066772942328410e-02 7.906353029937755739e-02 1.128793448238112895e-01
1.398354619093723217e-01 9.019958719583398565e-02 7.978160109392454236e-02 1.207687912432364036e-01
1.368959877904767641e-01 9.055297577676080234e-02 8.035012703265086154e-02 1.276899652475619040e-01
1.343127071084042612e-01 9.070092401055059039e-02 8.039653727439027842e-02 1.340804730072339690e-01
1.330574928352510344e-01 9.052348313032668181e-02 7.972419747299142045e-02 1.376578672313230056e-01
1.326109601383428371e-01 9.033277324961065669e-02 7.912942811056231096e-02 1.391721578598059672e-01
1.324821636838156014e-01 9.039325225379100937e-02 7.927974144724665717e-02 1.393901927966430532e-01
1.318194456032200645e-01 9.084618368901008212e-02 8.044820583064495045e-02 1.402436190774762337e-01
1.302475342726926166e-01 9.155189328155105555e-02 8.219238470806233821e-02 1.429660458336932394e-01
1.267766164572318166e-01 9.238032135209811591e-02 8.400958649892015240e-02 1.503597852533233303e-01
1.214419705875769834e-01 9.338293855355764284e-02 8.604825947550501231e-02 1.622362488143268278e-01
1.155201331813470733e-01 9.442843507072762321e-02 8.812326188532468296e-02 1.755477837415103382e-01
