1.103054900608917560e-01 9.533293386404295688e-02 8.990547318454171488e-02 1.873002124909020627e-01
1.062359015236296611e-01 9.615375772849157898e-02 9.161667853618002400e-02 1.962542859453896560e-01
1.042852741992227883e-01 9.664908655327017484e-02 9.272087081788282781e-02 2.003531405279151967e-01
1.061381292297058493e-01 9.621188708834144121e-02 9.176483795834469714e-02 1.963966584783423674e-01
1.121538551114934917e-01 9.507000974223951684e-02 8.943451743056057834e-02 1.830252317827481823e-01
1.214250806916442882e-01 9.353189782889201331e-02 8.646102309705791522e-02 1.619977210045559501e-01
1.310467023423015909e-01 9.183440755412534962e-02 8.309296865555607092e-02 1.403672688613034625e-01
1.384740823178718661e-01 9.003066227477091177e-02 7.911795707070838624e-02 1.246042032736825178e-01
1.406664541707885185e-01 8.847160409780546741e-02 7.508334754237859510e-02 1.218958964887109642e-01
1.383139752418302559e-01 8.753763640955108949e-02 7.214710368846054267e-02 1.297396562567629530e-01
1.349563902416616723e-01 8.702407883837719182e-02 7.024018575942177212e-02 1.393825796978686027e-01
1.319639462695006704e-01 8.675232573643761047e-02 6.905891075059773787e-02 1.476246102875412303e-01
1.293106951713640096e-01 8.678371277369259507e-02 6.877054827878885390e-02 1.544165780145852207e-01
1.282405395800705894e-01 8.695984597602048061e-02 6.910984916758725061e-02 1.568463994973408326e-01
1.295906673863730096e-01 8.720787368250870752e-02 6.999236232434000171e-02 1.528902149275226663e-01
1.336439045571651829e-01 8.736034869333765551e-02 7.099146795878512328e-02 1.421348504641882227e-01
1.392326888464505696e-01 8.737166018159288339e-02 7.181465860878032126e-02 1.276816610508181848e-01
1.449650424220744471e-01 8.722746155535071599e-02 7.222477260448376124e-02 1.131522866028262658e-01
1.498002141204644311e-01 8.697312485421672401e-02 7.220083887549746948e-02 1.011482916354664863e-01
1.526871324789053352e-01 8.681994170075102435e-02 7.218284970318650240e-02 9.398362403242963015e-02
1.552709122111903262e-01 8.659675025421616212e-02 7.192680397706706363e-02 8.773434493072423956e-02
1.579946540525984378e-01 8.626547618381873173e-02 7.138935315416893024e-02 8.132836362087685067e-02
1.603798484167463512e-01 8.586865358939324566e-02 7.062125960109261191e-02 7.592075891830961376e-02
1.618714201985783085e-01 8.555198329896325504e-02 6.994997024446467093e-02 7.266891571307400322e-02
1.625902611039248824e-01 8.545642024032708284e-02 6.978545733622561198e-02 7.099367748921875387e-02
1.623693668453280725e-01 8.547786970019360941e-02 6.981394771900575891e-02 7.152345949113993184e-02
1.608584724779370256e-01 8.589653076776156138e-02 7.076675281000506523e-02 7.463201927015210291e-02
1.584382144921338831e-01 8.664896294916923924e-02 7.252097922926488416e-02 7.945661159431782750e-02
1.551184645630770687e-01 8.761993086411341836e-02 7.475685920040910093e-02 8.619001117385785560e-02
1.510786103680340497e-01 8.851756031749187514e-02 7.668633708259256498e-02 9.492182583043592969e-02
1.466201487662275038e-01 8.931330216575159020e-02 7.827255291571830198e-02 1.049275831091193295e-01
1.421782148980408889e-01 8.989688581594627859e-02 7.926981562129324643e-02 1.152925077837934908e-01
1.384481973918874342e-01 9.037678440188613715e-02 8.007894814962887575e-02 1.240154590944739649e-01
1.352226353380964752e-01 9.067391177003376879e-02 8.045014653025335527e-02 1.317819538739804230e-01
1.331622427546757526e-01 9.056304708000090242e-02 7.984930204160663181e-02 1.373124367443130378e-01
1.326196403540833013e-01 9.033685469119688560e-02 7.914203284344481504e-02 1.391420125630605242e-01
1.324012710805234083e-01 9.044779530193169936e-02 7.942029670904338090e-02 1.394957701608141587e-01
1.314629787920454929e-01 9.106059263113185087e-02 8.099527867607203557e-02 1.407580039321092158e-01
1.287971057912205841e-01 9.194009849436986237e-02 8.306887312043315097e-02 1.459761523127234562e-01
1.233930204647525758e-01 9.303848155504398920e-02 8.536461353065651070e-02 1.578505384187064431e-01
1.165251248434556047e-01 9.425443962294734190e-02 8.778068838268668350e-02 1.732821841891766801e-01
