1.100381338622859889e-01 9.485108305130812711e-02 8.852466190403150692e-02 1.889032673971597076e-01
1.201640921065381395e-01 9.209872746833347446e-02 8.228809151157030766e-02 1.679684894728236122e-01
1.286578622861975219e-01 8.877197344304162130e-02 7.421944369609592695e-02 1.523364278112426806e-01
1.283812220712594876e-01 8.730294297268617609e-02 7.008600375758013146e-02 1.558332627096952472e-01
1.354701135794654232e-01 8.713331506124777359e-02 7.061740213795675292e-02 1.378491028786857364e-01
1.513246505086415505e-01 8.647887378983022677e-02 7.103927936633870621e-02 9.814793684899457415e-02
1.589243324509292676e-01 8.598375877715949689e-02 7.073588545844082531e-02 7.946127842226634319e-02
1.538218155613609028e-01 8.691222122029529373e-02 7.260076747029442501e-02 9.087877739415098355e-02
1.398836175854698272e-01 8.883405951919759458e-02 7.598263617508106693e-02 1.232308711137460738e-01
1.293625527372183615e-01 9.042672764254257312e-02 7.893113828514017327e-02 1.473824732510265467e-01
1.231472119213514460e-01 9.207927342308859509e-02 8.265643847656597987e-02 1.603021086534861805e-01
1.123978170326507264e-01 9.429540340129632936e-02 8.731021295763631562e-02 1.838624289525746525e-01
