1.041019591911498121e-01 9.470418849511648418e-02 8.727438652002744712e-02 2.045103198671924527e-01
9.812598853215832861e-02 9.546596405821508591e-02 8.855097792025616588e-02 2.184990343472770213e-01
1.025314295449484270e-01 9.459537766619277588e-02 8.674865652248389680e-02 2.087719529091098536e-01
1.191097862038097283e-01 9.246745661378381886e-02 8.316641099590409147e-02 1.699925888818589748e-01
1.353677310398426481e-01 9.008817123482519562e-02 7.883821480398441051e-02 1.325167219263951035e-01
1.370208222849954305e-01 8.798911131141530506e-02 7.322220599910167493e-02 1.322237960382872113e-01
1.292846305908070537e-01 8.672209871750327648e-02 6.859513505552658486e-02 1.546005863724950191e-01
1.215701561372356659e-01 8.651739877497943709e-02 6.693185295761650000e-02 1.749091821632118848e-01
1.198562126175812120e-01 8.667312573273187881e-02 6.712308659412866141e-02 1.790400908066569208e-01
1.277290299330043344e-01 8.679463158529146516e-02 6.857693272352928526e-02 1.584801875956508010e-01
1.404255944358227814e-01 8.663824873557592066e-02 6.993958634057205470e-02 1.259904002051209504e-01
1.498281015540709471e-01 8.636803515363093708e-02 7.051837732663444880e-02 1.022223724266280304e-01
1.560169375231045541e-01 8.609716572501399656e-02 7.064011602255894362e-02 8.675416178257991384e-02
1.603683884323208741e-01 8.570103790120309206e-02 7.015248389800471385e-02 7.626783075327323025e-02
1.621385047252075773e-01 8.545162062230557409e-02 6.970808818631085702e-02 7.216932650431176488e-02
1.607194171827568407e-01 8.560434069174888139e-02 6.993270856536636104e-02 7.554453195568001933e-02
1.553264937087977526e-01 8.663115496409407035e-02 7.203056468741848850e-02 8.752565277072045513e-02
1.470640360624015652e-01 8.808859928433525333e-02 7.492212931284987498e-02 1.061010413708279171e-01
1.376517262348599668e-01 8.927923575278677581e-02 7.690720921690688550e-02 1.281510195513250738e-01
1.302418660419976948e-01 9.001725035015847864e-02 7.791446377378509480e-02 1.458874330469825120e-01
1.264314830281194624e-01 9.014026649323375606e-02 7.771756511019554947e-02 1.554938771145789878e-01
1.268242058256196791e-01 9.030511562680217097e-02 7.823263711714663338e-02 1.541675208708086775e-01
1.250808626478366048e-01 9.163909075300169516e-02 8.170353620064960132e-02 1.561426405493026304e-01
1.157894576194218317e-01 9.337483588872147466e-02 8.522498463492396426e-02 1.768479252508106947e-01
1.041019591911498399e-01 9.470418849511648418e-02 8.727438652002744712e-02 2.045103198671924805e-01
