1.103054900608917560e-01 9.533293386404295688e-02 8.990547318454171488e-02 1.873002124909020627e-01
1.084430854462151567e-01 9.567514378272971853e-02 9.059541323739306318e-02 1.914612728246577189e-01
1.067954545974003355e-01 9.601806481287308848e-02 9.131775842123091014e-02 1.950663818426864315e-01
1.055463583568162361e-01 9.631724144505877938e-02 9.197463943163500244e-02 1.977252216511420913e-01
1.047518119467593517e-01 9.652147349745070215e-02 9.243129378152502296e-02 1.993901233784607929e-01
1.043083613245413127e-01 9.664334900908552739e-02 9.270815037543148063e-02 2.003043906964948606e-01
1.045473583001100687e-01 9.657746281994816773e-02 9.255837714873459132e-02 1.998120296649868732e-01
1.056862330918994924e-01 9.631461352233937345e-02 9.198712889427533568e-02 1.973690044770659846e-01
1.073344991805959270e-01 9.595661374406487532e-02 9.122284855291955263e-02 1.937908155874881744e-01
1.098583985466895369e-01 9.548121517254273827e-02 9.025540816590431337e-02 1.881738666550877570e-01
1.129972492838050152e-01 9.492786436302072528e-02 8.915782080213967287e-02 1.811165941334157425e-01
1.165221552972401514e-01 9.432907181512316386e-02 8.798827097376943351e-02 1.731484923526469544e-01
1.206239333069637765e-01 9.366215758257567803e-02 8.671057832047265879e-02 1.638197783650227612e-01
1.247006201007124504e-01 9.297768560687794115e-02 8.538039722472935689e-02 1.545891126646891378e-01
1.287223461650781886e-01 9.228067095195073566e-02 8.400747380246277596e-02 1.455241274998052003e-01
1.323688229100327962e-01 9.157364008416318812e-02 8.255347976173266211e-02 1.374471099631948134e-01
1.356336835805123098e-01 9.084565086300948333e-02 8.098701700442006990e-02 1.303952261398859114e-01
1.382797332677936086e-01 9.008650389142720816e-02 7.924606011611551315e-02 1.250002965055203308e-01
1.398179801982798454e-01 8.937135954527701542e-02 7.747081751631625102e-02 1.223826706696218430e-01
1.407392979711253322e-01 8.871995842086255468e-02 7.578584057546769448e-02 1.212373887485763413e-01
1.405327396505578197e-01 8.824629961643797038e-02 7.443647295483370174e-02 1.226679305683777838e-01
1.395521816365810630e-01 8.785890072730979938e-02 7.321787659083479893e-02 1.259337666196863603e-01
1.382447693455517157e-01 8.752573572448825445e-02 7.210413276529553661e-02 1.299409057020513569e-01
1.368548887593217522e-01 8.728071115151768422e-02 7.122435839607467456e-02 1.339940545834487629e-01
1.354861178806210931e-01 8.708375483847842491e-02 7.048154264432714144e-02 1.379016468834124987e-01
1.341269974421065991e-01 8.693064432382657802e-02 6.986229408879501834e-02 1.417012712718017375e-01
1.329427099870559570e-01 8.681740872689375221e-02 6.937894422189158639e-02 1.449739025971595596e-01
1.317667261755244845e-01 8.675128855253858018e-02 6.902808336199396655e-02 1.481358508478366198e-01
1.306173040169713584e-01 8.674291065929994049e-02 6.884191532778466405e-02 1.511198406506969460e-01
1.295828331165832514e-01 8.677335629590196553e-02 6.878023332393030931e-02 1.537334597502611755e-01
1.287378951060326182e-01 8.682475439207722190e-02 6.880379455522062093e-02 1.558179674414215954e-01
1.282775926356531648e-01 8.689645158538288061e-02 6.893841484141834119e-02 1.568707930257796923e-01
1.282899310902543555e-01 8.698892009765990530e-02 6.919787646481295740e-02 1.566637881807067534e-01
1.285930981883122159e-01 8.708896402686308602e-02 6.951964770376282965e-02 1.556914359891290178e-01
1.294619550021723353e-01 8.719308732006499085e-02 6.993291964987895237e-02 1.532505920749270278e-01
1.307860829592251695e-01 8.727630554499783699e-02 7.035241851849476091e-02 1.496737100292611367e-01
1.324093940406785852e-01 8.734431025205710575e-02 7.077189666189945272e-02 1.453530713607407154e-01
1.345162743160630281e-01 8.737168229557611132e-02 7.114662853195724557e-02 1.398606871013716724e-01
1.367766245901594346e-01 8.738089514332184060e-02 7.149248931929255702e-02 1.340063966048463673e-01
1.391738834820636095e-01 8.737188129359683975e-02 7.180694493336887974e-02 1.278330937252495358e-01
1.415976988759032607e-01 8.732711714440810624e-02 7.202552466865068392e-02 1.216589289677698776e-01
1.439439787363943068e-01 8.726628727140184338e-02 7.218834541919345871e-02 1.157154120031120559e-01
1.461523439758723730e-01 8.718204303820561996e-02 7.226637336285825219e-02 1.101723770653207507e-01
1.481372051848970361e-01 8.707227101721776164e-02 7.224159433284990661e-02 1.052548423598455157e-01
1.499333357628618302e-01 8.696562272749781830e-02 7.219878712291342981e-02 1.008187449636733790e-01
1.512491285982758560e-01 8.690109711476043386e-02 7.220533666300053832e-02 9.754322645197224806e-02
1.523409533685149697e-01 8.684121762274256418e-02 7.219310952103920320e-02 9.483725436850336254e-02
1.533625217821042441e-01 8.677511817633348779e-02 7.215359510432779733e-02 9.232448449585801964e-02
1.544246645625943215e-01 8.668267903506957084e-02 7.204641824688956531e-02 8.975683027426367699e-02
1.555144580757000516e-01 8.656921542874090880e-02 7.188456206568306917e-02 8.715759653193677625e-02
1.566223643511612806e-01 8.644395768314475093e-02 7.169240081176898871e-02 8.453392984942063870e-02
1.577473530407390856e-01 8.629764042387334799e-02 7.144396552376379439e-02 8.190604031047885036e-02
1.588672384491919554e-01 8.614235266783437650e-02 7.116980617050303048e-02 7.930831975373353604e-02
1.598633191020050748e-01 8.597601093243446846e-02 7.084730163786449875e-02 7.705123404396374553e-02
1.606313329625019826e-01 8.581355101096742322e-02 7.050330967144144423e-02 7.537572645822980533e-02
1.613156313308897194e-01 8.566862378086900764e-02 7.019632358942909378e-02 7.388318661474567450e-02
1.618243829556973989e-01 8.556235934883162086e-02 6.997222581527588747e-02 7.277072553386267073e-02
1.621891105797241550e-01 8.549931716478770261e-02 6.984818901245391787e-02 7.194830689711245730e-02
1.624787123551371393e-01 8.545911627042555858e-02 6.977717013744977326e-02 7.127662024403280672e-02
1.626806884690701338e-01 8.545417716970019062e-02 6.979201505726657928e-02 7.076441795876700636e-02
1.626053862012473150e-01 8.546038412585081623e-02 6.979864736845568796e-02 7.094711241310208694e-02
1.623568268191329655e-01 8.548142269436423413e-02 6.982207374604654238e-02 7.154911156980717224e-02
1.618456202376515884e-01 8.562626401891300365e-02 7.015333928248888851e-02 7.259484395021115199e-02
1.611887636628538401e-01 8.580720904223181067e-02 7.056459575154677699e-02 7.394830069647984061e-02
1.603910698231294785e-01 8.602293199658975209e-02 7.105282991447060825e-02 7.559956515411540845e-02
1.593747614021574777e-01 8.635032799188521735e-02 7.182133451006432467e-02 7.760383337282997229e-02
1.582644897011408203e-01 8.670607076875687380e-02 7.265553271547023351e-02 7.979704906631028549e-02
1.570154981090366164e-01 8.709324192595244152e-02 7.355767319932671189e-02 8.228894918191008434e-02
1.555603705929827218e-01 8.750016373781628609e-02 7.448565997479185408e-02 8.527573894472784133e-02
1.540078583511770571e-01 8.789959242636671832e-02 7.537896829701408452e-02 8.852819525740032724e-02
1.523272489659959206e-01 8.826255237489777361e-02 7.615249134576025647e-02 9.218050835084012906e-02
1.506220372008510167e-01 8.861051339099000612e-02 7.688072671599208152e-02 9.592476080851723708e-02
1.488824249973667579e-01 8.895732067800543597e-02 7.760087368540595498e-02 9.976002984054851974e-02
1.469563172277292551e-01 8.926259294470099970e-02 7.817884315300384357e-02 1.041555522852245785e-01
1.450452079231431823e-01 8.952785683161987307e-02 7.864743205850960317e-02 1.085881240368733874e-01
1.432053067960255832e-01 8.977066772942328410e-02 7.906353029937755739e-02 1.128793448238112895e-01
1.415222181659669398e-01 8.997750046440196325e-02 7.940156867797401596e-02 1.168337788412483758e-01
1.399536038843708918e-01 9.018321389415620559e-02 7.975270307598925079e-02 1.204947289507981301e-01
1.385187293114319429e-01 9.036794066221746913e-02 8.006429127409711577e-02 1.238500772823729196e-01
1.371262691413534796e-01 9.052704579612820546e-02 8.031047894417170374e-02 1.271444297197042439e-01
1.358015428121579216e-01 9.065195953651467020e-02 8.047096834680939059e-02 1.303286364591148550e-01
1.346120744321069318e-01 9.069203695563038403e-02 8.041417477472241615e-02 1.333242578476777074e-01
1.337747906814323873e-01 9.064116815907394265e-02 8.015379787820771373e-02 1.355827027500824955e-01
1.331433422036381597e-01 9.055590835899593460e-02 7.982672879957329604e-02 1.373747644920146338e-01
1.328860491121084952e-01 9.045783843252197531e-02 7.951695735967737044e-02 1.382249185573613259e-01
1.326820778879610752e-01 9.036621284944189314e-02 7.923269976462533892e-02 1.389251748665011332e-01
1.325203216796650152e-01 9.029025818867911224e-02 7.899809758688627892e-02 1.394867383759824664e-01
1.324949141562828392e-01 9.035883684589908482e-02 7.918563031255136664e-02 1.394224534467059795e-01
1.323497258683712929e-01 9.048255043248024099e-02 7.950985929565261567e-02 1.395630446384941159e-01
1.320858205973126642e-01 9.066049251022414990e-02 7.996840893991589982e-02 1.399074818524699004e-01
1.315946469125504614e-01 9.098139641554135737e-02 8.079320641835091577e-02 1.405680056352058005e-01
1.309090047184753858e-01 9.132024695398323344e-02 8.164047501817914276e-02 1.416967075975802959e-01
1.299134599829846193e-01 9.166742052304652222e-02 8.246704181742087192e-02 1.436098978355980216e-01
1.281978926662107054e-01 9.207065464720011472e-02 8.334785890559885668e-02 1.472761989643172620e-01
1.261632411294553724e-01 9.250221248682451158e-02 8.426241638292070180e-02 1.517128148883322980e-01
1.236990583358885537e-01 9.298129426614441806e-02 8.524858103292901057e-02 1.571685830293113595e-01
1.209691463866468530e-01 9.346719839082227865e-02 8.621611867451670075e-02 1.632976141544455750e-01
1.181235525206138226e-01 9.397352963689137306e-02 8.722420098293437452e-02 1.696866767358242156e-01
1.152873621425183903e-01 9.446776464908890336e-02 8.819990257743900997e-02 1.760743682916356134e-01
1.127005951449002730e-01 9.490926673241946443e-02 8.906396659174070640e-02 1.819178615507910657e-01
