7.436969622819527004e-01 1.268165159813448573e-01 1.294865217367024146e-01
3.878271796395600379e-01 1.922545366721296056e-01 4.199182836883104675e-01
4.811514145159649369e-01 1.995653447204321085e-01 3.192832407636030934e-01
9.073146387773470822e-01 4.383763070981654825e-02 4.884773051283635564e-02
5.952642934612216719e-01 2.190715565938169962e-02 3.828285508793967673e-01
6.962036134603696302e-01 2.060045849452383712e-02 2.831959280451065708e-01
8.403655167927185365e-01 4.204551283912007914e-02 1.175889703681614468e-01
9.845104395971687739e-01 2.480373678618903385e-03 1.300918672421231062e-02
9.943316420111439902e-01 2.994567675230747680e-03 2.673790313625393125e-03
9.138473458536637839e-01 2.330063813036192463e-02 6.285201601597438514e-02
6.741591906725756811e-01 1.149090341828016559e-01 2.109317751446227462e-01
6.659673310497458143e-01 7.376957371654287166e-02 2.602630952337114389e-01
