1.103054900608917560e-01 9.533293386404295688e-02 8.990547318454171488e-02 1.873002124909020627e-01
1.092697498985440857e-01 9.552324726530088406e-02 9.028916994770425086e-02 1.896143053962027480e-01
1.082360142370884654e-01 9.571319234697789335e-02 9.067212413031236484e-02 1.919239197638726024e-01
1.072449740406580670e-01 9.590562824324101732e-02 9.106806824135975365e-02 1.941185649782377065e-01
1.065098037415374288e-01 9.608766604404073153e-02 9.147127699827861669e-02 1.956721792899661361e-01
1.058188978548867121e-01 9.625276926778614239e-02 9.183355849956044425e-02 1.971435664190609449e-01
1.052394180046007377e-01 9.639374289082044966e-02 9.214437350376933344e-02 1.983729247606133839e-01
1.048329693854379713e-01 9.650021394025636023e-02 9.238353860196328593e-02 1.992208202430210962e-01
1.044272553906015477e-01 9.660910905629470358e-02 9.262956374279150695e-02 2.000622273272824325e-01
1.043083613245413127e-01 9.664334900908552739e-02 9.270815037543148063e-02 2.003043906964948606e-01
1.044287320000760605e-01 9.661143276486512665e-02 9.263624918715268608e-02 2.000540130082746615e-01
1.045771068933817466e-01 9.656894398327781071e-02 9.253884873389341126e-02 1.997513461230072673e-01
1.052110452942160435e-01 9.642263468882310284e-02 9.222087716396097645e-02 1.983914671959611242e-01
1.060028701626948011e-01 9.624263459967755119e-02 9.183137285891933288e-02 1.966876957357922007e-01
1.068083971253244446e-01 9.605773618883636789e-02 9.143015764904996456e-02 1.949578195908004963e-01
1.081751887376080495e-01 9.579860783723725959e-02 9.090156481415680167e-02 1.919192032429848649e-01
1.095736336650511428e-01 9.553577293335853426e-02 9.036712542330774256e-02 1.888058699471452384e-01
1.110725689698823099e-01 9.525224935651398217e-02 8.978926049088087336e-02 1.854722292927312721e-01
1.129972492838050152e-01 9.492786436302072528e-02 8.915782080213967287e-02 1.811165941334157425e-01
1.149232490865124967e-01 9.460159680655885750e-02 8.852132123561459731e-02 1.767611174361988224e-01
1.169798864101732061e-01 9.425464862762467089e-02 8.784568898157153749e-02 1.721074699897431337e-01
1.192584489043398005e-01 9.388417373758765894e-02 8.713592298449106266e-02 1.669253129445255612e-01
1.215365312795355646e-01 9.351377691081351473e-02 8.642630654315941463e-02 1.617442478385958393e-01
1.238058327563270195e-01 9.313276327305870794e-02 8.568585674220853543e-02 1.566059665907805487e-01
1.260394551618736203e-01 9.274564900288642666e-02 8.492335017960456200e-02 1.515713735712220511e-01
1.282735483161965562e-01 9.235845314615387380e-02 8.416068291435431503e-02 1.465357194822107800e-01
1.303607092368874176e-01 9.196807828248509953e-02 8.336834230356737763e-02 1.418855057938790964e-01
1.323688229100327962e-01 9.157364008416318812e-02 8.255347976173266211e-02 1.374471099631948134e-01
1.343817043405844958e-01 9.117663090754964117e-02 8.173212715375569037e-02 1.330012721449769508e-01
1.359285331958419996e-01 9.076206578919464307e-02 8.079582786366680536e-02 1.297921616307764481e-01
1.373969683598980362e-01 9.034014557150991942e-02 7.982792492602557022e-02 1.267994162088612320e-01
1.388232065122655401e-01 8.991879316232659347e-02 7.885562718548781713e-02 1.239145594935174288e-01
1.395352622255037756e-01 8.952781758758285302e-02 7.786682533410393958e-02 1.228163800826897467e-01
1.402422644758963832e-01 8.913655775038159534e-02 7.687651539519284316e-02 1.217317885088165519e-01
1.407551515574921863e-01 8.877400978408019061e-02 7.593872982507672564e-02 1.210940723745929787e-01
1.406760797787291739e-01 8.850442173407735424e-02 7.517617524338125745e-02 1.218088810213256296e-01
1.405327396505578197e-01 8.824629961643797038e-02 7.443647295483370174e-02 1.226679305683777838e-01
1.401207512822856549e-01 8.801628579486961423e-02 7.373705505249784908e-02 1.241674634861506393e-01
1.394090836510009646e-01 8.782057305506284217e-02 7.309078548450559376e-02 1.263758806471003693e-01
1.386924274874874186e-01 8.762862232677301466e-02 7.245429417186169396e-02 1.285900539734234072e-01
1.379300960964862377e-01 8.747162433461841413e-02 7.190874767912824872e-02 1.308559695943909695e-01
1.371559477020663220e-01 8.733578955912166264e-02 7.142051010367059249e-02 1.331123149234172687e-01
1.364023430685429028e-01 8.719674266102310500e-02 7.092623027406592950e-02 1.353216947079986798e-01
1.356372315056272315e-01 8.710077841066519999e-02 7.055039371252867786e-02 1.374791861516624358e-01
1.348828458826354382e-01 8.701579376345583428e-02 7.020667714840839180e-02 1.395881839491665832e-01
1.341269974421065991e-01 8.693064432382657802e-02 6.986229408879501834e-02 1.417012712718017375e-01
1.334683789704307066e-01 8.686767054539706878e-02 6.959348844598672867e-02 1.435212816355640186e-01
1.328110351440393577e-01 8.680481864212470644e-02 6.932520303129198480e-02 1.453377696753590798e-01
1.321524216676503993e-01 8.675303068035183918e-02 6.908757346395133503e-02 1.471365802076342877e-01
1.315108061026954989e-01 8.674968850930372954e-02 6.898737226315219961e-02 1.487997368598798498e-01
1.308728129561760600e-01 8.674495342745862370e-02 6.888380208256562887e-02 1.504561777373316922e-01
1.302602997697612786e-01 8.674931438986384358e-02 6.880919228030167589e-02 1.520295936949990767e-01
1.296955910642706156e-01 8.676935474693918404e-02 6.878505326963876843e-02 1.534498672832014521e-01
1.291320347604177632e-01 8.679126634919873129e-02 6.876629274294526750e-02 1.548636207513274521e-01
1.287378951060326182e-01 8.682475439207722190e-02 6.880379455522062093e-02 1.558179674414215954e-01
1.284803700424774209e-01 8.686500165530280926e-02 6.887948640737451278e-02 1.564067354541328891e-01
1.282267409897822341e-01 8.690433846357183134e-02 6.895319266063722197e-02 1.569871673875326001e-01
1.282336714327494409e-01 8.695580306763583955e-02 6.909760851239410417e-02 1.568717925541736335e-01
1.283274192017823390e-01 8.701098732967088578e-02 6.926468910373873022e-02 1.565251863566526624e-01
1.284233313683806332e-01 8.706587502360700614e-02 6.943124973885324291e-02 1.561735528210118906e-01
1.288828055441940124e-01 8.712379426594898946e-02 6.965775888613963407e-02 1.548773610539149470e-01
1.293647192053030970e-01 8.718173262234350795e-02 6.988749991337978029e-02 1.535231882154241279e-01
1.299032359095997347e-01 8.723609186566280704e-02 7.011528375367988286e-02 1.520296300490498742e-01
1.307860829592251695e-01 8.727630554499783699e-02 7.035241851849476091e-02 1.496737100292611367e-01
1.316674785198330144e-01 8.731602122428040735e-02 7.058795972805667618e-02 1.473224814061903087e-01
1.326445078501003183e-01 8.734736478984866936e-02 7.081371424333034181e-02 1.447401578501272268e-01
1.338148925866243233e-01 8.736257012558430735e-02 7.102188006372783802e-02 1.416891051731462015e-01
1.349850307098048041e-01 8.737777225738323217e-02 7.123000202122507785e-02 1.386386953875823891e-01
1.362432623264545062e-01 8.738290062020646898e-02 7.142252659698299089e-02 1.353798848040216052e-01
1.375746735382465391e-01 8.737789442724752664e-02 7.159717178512101099e-02 1.319513003088546854e-01
1.389063653526137476e-01 8.737288717920466130e-02 7.177185378073752675e-02 1.285219932197741721e-01
1.402449977741103415e-01 8.735397840110355194e-02 7.190877474866182173e-02 1.251010943263654585e-01
1.415976988759032607e-01 8.732711714440810624e-02 7.202552466865068392e-02 1.216589289677698776e-01
1.429598642844394363e-01 8.729961251617675277e-02 7.214182212590176946e-02 1.181935427922948117e-01
1.441862651495695868e-01 8.725725256235337957e-02 7.219748574965115240e-02 1.151068749839383870e-01
1.454141739601765293e-01 8.721028067287107943e-02 7.224050930804924719e-02 1.120250486659232353e-01
1.466361265399277192e-01 8.716212013245139278e-02 7.227937632874839591e-02 1.089608543702171167e-01
1.477075220825506408e-01 8.709808906216819080e-02 7.225268470345758143e-02 1.063154995798613472e-01
1.487820449271070877e-01 8.703352501729527679e-02 7.222495064431616596e-02 1.036630787447690161e-01
1.497817076628119026e-01 8.697416779350089500e-02 7.220112410839894801e-02 1.011941049338622584e-01
1.505379721006487870e-01 8.693154818977984200e-02 7.218946809599845194e-02 9.932194933244092860e-02
1.512491285982758560e-01 8.690109711476043386e-02 7.220533666300053832e-02 9.754322645197224806e-02
1.518871126465876908e-01 8.687081899165692567e-02 7.221132219739742619e-02 9.595312719494968057e-02
1.524535800511010453e-01 8.683429566690829826e-02 7.218977156905422021e-02 9.455953237424888358e-02
1.530176313612870709e-01 8.679962947442429466e-02 7.217305460512316029e-02 9.316865899389424610e-02
1.535969898674175715e-01 8.675483049278881476e-02 7.213026540967440448e-02 9.175745066559443108e-02
1.541857668635218392e-01 8.670364439881096674e-02 7.207100920067707750e-02 9.033401898808815500e-02
1.547807811049392301e-01 8.665029446566469007e-02 7.200660579693160535e-02 8.889857954697881481e-02
1.553912756639669324e-01 8.658314219450848059e-02 7.190592748911561749e-02 8.744930856272356556e-02
1.560062237893471149e-01 8.651361734610772680e-02 7.179926756175308844e-02 8.599303112863823650e-02
1.566223643511612806e-01 8.644395768314475093e-02 7.169240081176898871e-02 8.453392984942063870e-02
1.572480049658806778e-01 8.636258618058414993e-02 7.155423835045224279e-02 8.307248011060118509e-02
1.578724347584114229e-01 8.628137215888158351e-02 7.141634327934302806e-02 8.161385876196261546e-02
1.585022597219667428e-01 8.619767103762264460e-02 7.127228079053334053e-02 8.014601639901516861e-02
1.590966444927627566e-01 8.610544022939205233e-02 7.109942549485895325e-02 7.878584626047395456e-02
1.596470840762050647e-01 8.601307173898599390e-02 7.091996152905602480e-02 7.753941535672706498e-02
1.601397548963292838e-01 8.592126028933408377e-02 7.073386697327853356e-02 7.644110406194053187e-02
1.605495144204235891e-01 8.583147820652532733e-02 7.054168376418464004e-02 7.555304853237609919e-02
1.609596003117602092e-01 8.574164214566072639e-02 7.034939634657327856e-02 7.466425247287164502e-02
1.613156313308897194e-01 8.566862378086900764e-02 7.019632358942909378e-02 7.388318661474567450e-02
1.616107405624474802e-01 8.560948719881997238e-02 7.007331025645553713e-02 7.323314408642719875e-02
1.618779592761301900e-01 8.555054082932397885e-02 6.994687629391437012e-02 7.265476219826522142e-02
1.620809259751840037e-01 8.551546170402256342e-02 6.987785994529681355e-02 7.219708984123453244e-02
1.622611984078495828e-01 8.548855939777938451e-02 6.982841805598377638e-02 7.178253264307082882e-02
1.624297306812413633e-01 8.546173677617195652e-02 6.977753522887579496e-02 7.139814080653941741e-02
1.625480645271949187e-01 8.545744009256345253e-02 6.978232246091035929e-02 7.110070886154194747e-02
1.626634283882212040e-01 8.545465185473034853e-02 6.979089309265888719e-02 7.080808909664546014e-02
1.627144044414725599e-01 8.545358288284461701e-02 6.979513470375567352e-02 7.067847975978693020e-02
1.626053862012473150e-01 8.546038412585081623e-02 6.979864736845568796e-02 7.094711241310208694e-02
1.624879492294153682e-01 8.546729263362487505e-02 6.980126645080597658e-02 7.123728135721978105e-02
1.622997795686660916e-01 8.549758602171329824e-02 6.985904077407989465e-02 7.166580834012914458e-02
1.620158012206000808e-01 8.557804625357856576e-02 7.004306078324620821e-02 7.224671900259684032e-02
1.617318827099942236e-01 8.565848953156007806e-02 7.022704201730865792e-02 7.282750726059679380e-02
1.613662412784488409e-01 8.575921319011170496e-02 7.045596932023617809e-02 7.358091353104923016e-02
1.609232108968019215e-01 8.587902334538653759e-02 7.072712920233814593e-02 7.449800764214183080e-02
1.604800871439525656e-01 8.599885875134111179e-02 7.099834623294581926e-02 7.541529503609617491e-02
1.599558884779971046e-01 8.616480227163236805e-02 7.138658416554291564e-02 7.645460708319663790e-02
1.593747614021574777e-01 8.635032799188521735e-02 7.182133451006432467e-02 7.760383337282997229e-02
1.587845423378790588e-01 8.653614643972670772e-02 7.225561279687041372e-02 7.877598320283660249e-02
1.581299864790437493e-01 8.674928439591254870e-02 7.275691830184290165e-02 8.006252259330379206e-02
1.574339360101904284e-01 8.696410207054505737e-02 7.325702744324799620e-02 8.145303084136838734e-02
1.567275425692899737e-01 8.718057877749887941e-02 7.376029527401355146e-02 8.286710510771526372e-02
1.558957768697369350e-01 8.740926059735124043e-02 7.427982000799544793e-02 8.458180715027431573e-02
1.550570152228117338e-01 8.763658510822500136e-02 7.479457086842636326e-02 8.631714549993822760e-02
1.541930078061904685e-01 8.785888446114192840e-02 7.529174026510193629e-02 8.812719340496305565e-02
1.532695513461714842e-01 8.806192061622179768e-02 7.572680117067240313e-02 9.012724115604053843e-02
1.523272489659959206e-01 8.826255237489777361e-02 7.615249134576025647e-02 9.218050835084012906e-02
1.513764444300375600e-01 8.845785281779368348e-02 7.656211855570115021e-02 9.426582841600117391e-02
1.504321273593610397e-01 8.864953306681656875e-02 7.696257508991735663e-02 9.634125304682138180e-02
1.494810304039152216e-01 8.884494945277093825e-02 7.737248401637300543e-02 9.842710861233616715e-02
1.484568253425653517e-01 8.902593333690710098e-02 7.773181297632467124e-02 1.007290856783406574e-01
1.473889336431350727e-01 8.919573052228711718e-02 7.805377579030277346e-02 1.031650621552152036e-01
1.462948220882371864e-01 8.936056878821413418e-02 7.835820376853436242e-02 1.056781380808109877e-01
1.452497770850017245e-01 8.950085993427484010e-02 7.860116823099703998e-02 1.081110052250006115e-01
1.442285320807391857e-01 8.963563316350305066e-02 7.883212534249928183e-02 1.104928657099241707e-01
1.432053067960255832e-01 8.977066772942328410e-02 7.906353029937755739e-02 1.128793448238112895e-01
1.422692897365719911e-01 8.988569373871117818e-02 7.925152377961706962e-02 1.150785265155536141e-01
1.413350841807163027e-01 9.000049713450335165e-02 7.943915343009264052e-02 1.172734520609931969e-01
1.404247770290672215e-01 9.011618001338976558e-02 7.963261950670631750e-02 1.194049995931941999e-01
1.396366853650095885e-01 9.022559609707672679e-02 7.982593187091979736e-02 1.212328232903106678e-01
1.388394318740654998e-01 9.032772893973319006e-02 7.999764772357989551e-02 1.230981004285410657e-01
1.380481470547232636e-01 9.042324114000507840e-02 8.015175702884011488e-02 1.249605049156505970e-01
1.372797070427501376e-01 9.050976848818997889e-02 8.028406117535336062e-02 1.267809359925172741e-01
1.365112850384642695e-01 9.059756273881491850e-02 8.041989878607339048e-02 1.285989209426499080e-01
1.358015428121579216e-01 9.065195953651467020e-02 8.047096834680939059e-02 1.303286364591148550e-01
1.351419555839131204e-01 9.067630683906637012e-02 8.044539320856945730e-02 1.319857545173776237e-01
1.344791931160505549e-01 9.069598168660188142e-02 8.040634595016304953e-02 1.336599219555061613e-01
1.340132664672060991e-01 9.066765986470132210e-02 8.026141211964057942e-02 1.349167156182986826e-01
1.336158845086916069e-01 9.062351565176815504e-02 8.008209010635564118e-02 1.360264772232979980e-01
1.332169025237431026e-01 9.057725101527028255e-02 7.989663173073434377e-02 1.371443868036424651e-01
1.330574928352510344e-01 9.052348313032668181e-02 7.972419747299142045e-02 1.376578672313230056e-01
1.329146867152703748e-01 9.046954538817744695e-02 7.955364175195686616e-02 1.381287944439055781e-01
1.327771368073815128e-01 9.041090959874673039e-02 7.937073691983183299e-02 1.385950472037895675e-01
1.326820778879610752e-01 9.036621284944189314e-02 7.923269976462533892e-02 1.389251748665011332e-01
1.325872717449074478e-01 9.032031521144011366e-02 7.909135148567293661e-02 1.392569243818030100e-01
1.325174863692393790e-01 9.029791111017275440e-02 7.901902499032610605e-02 1.394795646059361904e-01
1.325033723363222005e-01 9.033600696905914884e-02 7.912320055373209260e-02 1.394438539388931919e-01
1.324892612773918288e-01 9.037409480071580126e-02 7.922735416616485948e-02 1.394081507964929079e-01
1.324084417264085045e-01 9.044296038665149140e-02 7.940783732501299763e-02 1.394864113583879073e-01
1.322618716425827678e-01 9.054178745875370027e-02 7.966251075206637333e-02 1.396777079972259250e-01
1.321152706682682809e-01 9.064063535923003179e-02 7.991723785301012295e-02 1.398690449529314261e-01
1.318858968702147083e-01 9.079975937905865324e-02 8.032823220202120473e-02 1.401599555673970487e-01
1.315946469125504614e-01 9.098139641554135737e-02 8.079320641835091577e-02 1.405680056352058005e-01
1.312941717043657197e-01 9.116212732652978490e-02 8.125434844327125705e-02 1.410015940968459003e-01
1.308032501037441064e-01 9.135971950764933125e-02 8.173550637745273517e-02 1.418950303100939558e-01
1.302475342726926166e-01 9.155189328155105555e-02 8.219238470806233821e-02 1.429660458336932394e-01
1.296600216964761410e-01 9.174737015844140753e-02 8.265396484632070440e-02 1.441129128495517719e-01
1.286177526136894067e-01 9.197917584411242908e-02 8.315237761151829388e-02 1.463652751275787423e-01
1.275677948596690980e-01 9.220793993367892849e-02 8.364122419409500409e-02 1.486432527042658158e-01
1.264355023762186170e-01 9.244810820383959904e-02 8.415019181776493828e-02 1.511122404624411497e-01
1.250775647732257634e-01 9.271796019791382626e-02 8.470992611273442385e-02 1.541076818115459379e-01
1.236990583358885537e-01 9.298129426614441806e-02 8.524858103292901057e-02 1.571685830293113595e-01
1.222253440013246900e-01 9.324726619870646327e-02 8.578110136555508469e-02 1.604703406400453114e-01
1.206541006704215518e-01 9.352334124630187762e-02 8.632796430651615283e-02 1.640048085051084847e-01
1.190763044952613814e-01 9.380451308288348389e-02 8.688810399827708031e-02 1.675465438282849884e-01
1.174889547763600939e-01 9.408525477096661704e-02 8.744569156411631516e-02 1.711137637450836357e-01
1.159127677716337568e-01 9.436045775914712885e-02 8.798942375320613352e-02 1.746626492816703013e-01
1.143501377717176387e-01 9.462276650643078324e-02 8.849913950323042011e-02 1.782009497762717387e-01
1.129668945847871336e-01 9.486216135879592393e-02 8.897040379325629744e-02 1.813194255781082065e-01
1.116374812453000687e-01 9.509731961554342139e-02 8.943748563329968759e-02 1.843069225298531455e-01
