1.103054900608917560e-01 9.533293386404295688e-02 8.990547318454171488e-02 1.873002124909020627e-01
1.043580854175581163e-01 9.663099172437419893e-02 9.268075361403564638e-02 2.001993953313872809e-01
1.148208755347122773e-01 9.461920047526342636e-02 8.855588197700313413e-02 1.769921309370673379e-01
1.350734798152219973e-01 9.100326792288272737e-02 8.134694851117951764e-02 1.315432842249753820e-01
1.394843952404071497e-01 8.784074467315694523e-02 7.315767275184373308e-02 1.261431987545610922e-01
1.325678983038855729e-01 8.678157112302471721e-02 6.922597023200288691e-02 1.460096481420629366e-01
1.282188396350281701e-01 8.694707238721172127e-02 6.907117475765482684e-02 1.569266289845611395e-01
1.341838957645389852e-01 8.736736411941611880e-02 7.108751134450481957e-02 1.407271581324365528e-01
1.463862094331557784e-01 8.717309685073768022e-02 7.227456755779505804e-02 1.095854175819253457e-01
1.537509722237721532e-01 8.674150695106670750e-02 7.211494408630131359e-02 9.138506222219484887e-02
1.595050759271874063e-01 8.603741070312938277e-02 7.096767949989707391e-02 7.786001894235827780e-02
1.624567403472161331e-01 8.545964731353740407e-02 6.977553778926905148e-02 7.133235211478451687e-02
1.610629205733793978e-01 8.584124120055507123e-02 7.064161890553095902e-02 7.420880191955571414e-02
1.549243150720576723e-01 8.767255002981347300e-02 7.487600939989766391e-02 8.659169269872113439e-02
1.456275128655633577e-01 8.945101031863039731e-02 7.851574233963364013e-02 1.072300080835642405e-01
1.371989536192656234e-01 9.051886142905991861e-02 8.029796468454818148e-02 1.269722405047552238e-01
1.328316772659144107e-01 9.043467359221558921e-02 7.944469401516927876e-02 1.384091977543578655e-01
1.318719010170391615e-01 9.080953718850073852e-02 8.035350084424731920e-02 1.401775766340249696e-01
1.243581900104083204e-01 9.285812665504546148e-02 8.499867505154851122e-02 1.556998157944220751e-01
