1.336913190796107098e-01 9.241787010264559954e-02 8.509372115484115096e-02 1.324330175699171275e-01
9.108245791723756923e-02 9.656527385529774243e-02 9.061706973173878910e-02 2.346051597532944066e-01
1.025774044887499264e-01 9.673597094822321274e-02 9.272109754402603488e-02 2.045987588814184577e-01
1.527610703273843129e-01 8.847137729194101685e-02 7.679594752714964667e-02 9.066473036451830336e-02
1.189361896346291803e-01 1.071684090142665663e-01 1.241140279414091885e-01 1.425959502995095829e-01
1.296514529019037465e-01 1.018985072843295453e-01 1.109444211179606010e-01 1.249078826366995659e-01
1.457041722783816440e-01 9.400357726700932226e-02 9.121480763463825359e-02 9.840908560103292513e-02
1.611883532080146120e-01 8.638826163431316540e-02 7.218395699289995027e-02 7.284879527918777797e-02
1.627153493637879256e-01 8.563726565015536418e-02 7.030720058562910102e-02 7.032812820359118922e-02
1.531160022417089595e-01 8.672090784194202984e-02 7.196758839571416877e-02 9.306374434453375255e-02
1.250414410238462892e-01 9.195850405767475033e-02 8.258817109853200389e-02 1.556394407010451286e-01
1.235010679308022330e-01 8.986112501345686066e-02 7.652448490672854320e-02 1.635897264865245893e-01
