1.103054900608917560e-01 9.533293386404295688e-02 8.990547318454171488e-02 1.873002124909020627e-01
1.044978572214307205e-01 9.658970348643011739e-02 9.258548048047428314e-02 1.999166700315903877e-01
1.090869552914029844e-01 9.562724315220479110e-02 9.055311779844366082e-02 1.898893534332015964e-01
1.248754073135798920e-01 9.294739283036541899e-02 8.532072894931284901e-02 1.541951416516722517e-01
1.390413354974414095e-01 8.979995608492205572e-02 7.855532147909580210e-02 1.235763789965347303e-01
1.385985778825120363e-01 8.760348544671549276e-02 7.237094254341962241e-02 1.288800107233991910e-01
1.328396758579128423e-01 8.680755712281891523e-02 6.933689232613314546e-02 1.452586246189767338e-01
1.285354099164076613e-01 8.685646520040957164e-02 6.886349146182571546e-02 1.562807763019777307e-01
1.304413088775000229e-01 8.726060108704965235e-02 7.025981140062667607e-02 1.505937563292235049e-01
1.394887768185678889e-01 8.736822268400080971e-02 7.184135364092707199e-02 1.270268830277172800e-01
1.490630233685122652e-01 8.701664207730837319e-02 7.221769842743602785e-02 1.029694936097758778e-01
1.542373241991630284e-01 8.669914133414147184e-02 7.206576218272922607e-02 9.020941309902050231e-02
1.590478004387777811e-01 8.611346852060905444e-02 7.111488181879288550e-02 7.889676862387909329e-02
1.620337862913556193e-01 8.552249642470508006e-02 6.989078857224008401e-02 7.230549296733229658e-02
1.624066258636729376e-01 8.547141868498969730e-02 6.980124628460945835e-02 7.143946534650477687e-02
1.591442659431879791e-01 8.642289479125246643e-02 7.199093115493078454e-02 7.806158750074633501e-02
1.530691526670793778e-01 8.810598135871214320e-02 7.582121345167928961e-02 9.056127020320189902e-02
1.452052810620872991e-01 8.950673205376721842e-02 7.861123111784865114e-02 1.082147837681257663e-01
1.381487780061371740e-01 9.041190996354955822e-02 8.013443115833340791e-02 1.247221106254078477e-01
1.333387497531146604e-01 9.059197028172509547e-02 7.995491493964052010e-02 1.368018644431123754e-01
1.324960183861897678e-01 9.035585636633236550e-02 7.917748000049233681e-02 1.394252473176553486e-01
1.306098532301460113e-01 9.142659866599513185e-02 8.189450641995187075e-02 1.422677586764017066e-01
1.219525629567173308e-01 9.329450911764035348e-02 8.587412937369087729e-02 1.610852533598383929e-01
