1.041019591911498121e-01 9.470418849511648418e-02 8.727438652002744712e-02 2.045103198671924527e-01
1.025314295449484270e-01 9.459537766619277588e-02 8.674865652248389680e-02 2.087719529091098536e-01
1.353677310398426481e-01 9.008817123482519562e-02 7.883821480398441051e-02 1.325167219263951035e-01
1.292846305908070537e-01 8.672209871750327648e-02 6.859513505552658486e-02 1.546005863724950191e-01
1.198562126175812120e-01 8.667312573273187881e-02 6.712308659412866141e-02 1.790400908066569208e-01
1.404255944358227814e-01 8.663824873557592066e-02 6.993958634057205470e-02 1.259904002051209504e-01
1.560169375231045541e-01 8.609716572501399656e-02 7.064011602255894362e-02 8.675416178257991384e-02
1.621385047252075773e-01 8.545162062230557409e-02 6.970808818631085702e-02 7.216932650431176488e-02
1.553264937087977526e-01 8.663115496409407035e-02 7.203056468741848850e-02 8.752565277072045513e-02
1.376517262348599668e-01 8.927923575278677581e-02 7.690720921690688550e-02 1.281510195513250738e-01
1.264314830281194624e-01 9.014026649323375606e-02 7.771756511019554947e-02 1.554938771145789878e-01
1.250808626478366048e-01 9.163909075300169516e-02 8.170353620064960132e-02 1.561426405493026304e-01
