1.103054900608917560e-01 9.533293386404295688e-02 8.990547318454171488e-02 1.873002124909020627e-01
1.084242720462957749e-01 9.567860067496779253e-02 9.060238278527346645e-02 1.915033064899153425e-01
1.067687746801194854e-01 9.602466617491195455e-02 9.133237743459970970e-02 1.951227730943946859e-01
1.055091289855056846e-01 9.632604845704739738e-02 9.199391133329411219e-02 1.978046767714574106e-01
1.047222944184959675e-01 9.652920574714418667e-02 9.244866267444949715e-02 1.994517001133452039e-01
1.043179125997920759e-01 9.664097535437471409e-02 9.270288785593244762e-02 2.002842226135524151e-01
1.045635780503698375e-01 9.657281811617898781e-02 9.254772972050831492e-02 1.997789433308937435e-01
1.057869622061397979e-01 9.629171546714486440e-02 9.193757952395180399e-02 1.971522654014412068e-01
1.075386338433655664e-01 9.591824704587431638e-02 9.114483503756344585e-02 1.933363541854238310e-01
1.100936631780895930e-01 9.543567715178068178e-02 9.016181749256887978e-02 1.876526023116935060e-01
1.133462246610198176e-01 9.486904816656036021e-02 8.904333066994848944e-02 1.803268476951440935e-01
1.169798864101732061e-01 9.425464862762467089e-02 8.784568898157153749e-02 1.721074699897431337e-01
1.211213675911499560e-01 9.358127899697345209e-02 8.655562889880823174e-02 1.626884586900401442e-01
1.252283201505770549e-01 9.288622868955569156e-02 8.520025274278424099e-02 1.533996748345206884e-01
1.292622425559407928e-01 9.218116680863479295e-02 8.380662898590859888e-02 1.443184375548949294e-01
1.329165619876230831e-01 9.146560717328597323e-02 8.232997582700443684e-02 1.362373223081916052e-01
1.360621785446872178e-01 9.072366594965279585e-02 8.070773699733795048e-02 1.295197856241898371e-01
1.387362779280215397e-01 8.995532654894647373e-02 7.894513370913788797e-02 1.240698353076129801e-01
1.400493025410765868e-01 8.924334419294484289e-02 7.714680042155230844e-02 1.220278057965516472e-01
1.407119717712561058e-01 8.862679222361756481e-02 7.552231142212587067e-02 1.214844175147743732e-01
1.404674270399582092e-01 8.815441156701094017e-02 7.417112518779636621e-02 1.230106296758443352e-01
1.392789932640507711e-01 8.778572936601095056e-02 7.297524695240628634e-02 1.267778065349402794e-01
1.379300960964862377e-01 8.747162433461841413e-02 7.190874767912824872e-02 1.308559695943909695e-01
1.365458023645556018e-01 8.722236585808844367e-02 7.101796462426809842e-02 1.349027110852631384e-01
1.351569498886128762e-01 8.704667270856918104e-02 7.033156564611402206e-02 1.388218852190808983e-01
1.338270567559855517e-01 8.690196550730064362e-02 6.973987761794814277e-02 1.425301201133248041e-01
1.326311361334662209e-01 8.678761760553262150e-02 6.925177984130061193e-02 1.458348982524556303e-01
1.314527431838899973e-01 8.674929079372260821e-02 6.897803905701548055e-02 1.489504244519634368e-01
1.303118308205896969e-01 8.674748565825582403e-02 6.881139502407616904e-02 1.518999902556465720e-01
1.292857318884854390e-01 8.678476819521045715e-02 6.876995367506830159e-02 1.544790409532798836e-01
1.285961021691389428e-01 8.684700572281017772e-02 6.884572468434475845e-02 1.561419694541656411e-01
1.281737691773585097e-01 8.692054183643978249e-02 6.899084859312516749e-02 1.570932644161515124e-01
1.283444734540072074e-01 8.702102624935181829e-02 6.929508379553848962e-02 1.564621330213444850e-01
1.288828055441940124e-01 8.712379426594898946e-02 6.965775888613963407e-02 1.548773610539149470e-01
1.297644366046683817e-01 8.722783613335778619e-02 7.007261339838100067e-02 1.524036847805994299e-01
1.313464250216819229e-01 8.730182912354650382e-02 7.050292769588051289e-02 1.481784101543489607e-01
1.331772607307540879e-01 8.735428617745880087e-02 7.090847021289278795e-02 1.433513349682469795e-01
1.353056211846884738e-01 8.738193728590087916e-02 7.128702256936891857e-02 1.378029544589082500e-01
1.376955297277732970e-01 8.737744000009559087e-02 7.161302485273123020e-02 1.316400774095082826e-01
1.401235854885405085e-01 8.735626533976900698e-02 7.189795019966493950e-02 1.254102822773761616e-01
1.425873321975530406e-01 8.730713462508499223e-02 7.211001649188857054e-02 1.191412746431601416e-01
1.448561879559751575e-01 8.723162562674355303e-02 7.222095855376707563e-02 1.134254913844521123e-01
1.470242505998284877e-01 8.713905032363522540e-02 7.227005847381834380e-02 1.080023085222906604e-01
1.489778193812645868e-01 8.702176166511785271e-02 7.221989759186829561e-02 1.031798165751307839e-01
1.505379721006487870e-01 8.693154818977984200e-02 7.218946809599845194e-02 9.932194933244092860e-02
1.517832633127930431e-01 8.687782451546306739e-02 7.221613639005983187e-02 9.620802539688377841e-02
1.528121670978040969e-01 8.681225716197303599e-02 7.217914401333788699e-02 9.367530576437767265e-02
1.538628942175841730e-01 8.673182274185285701e-02 7.210380779055709788e-02 9.111439188018584379e-02
1.549413519217117952e-01 8.663400970459780859e-02 7.198396469532375441e-02 8.851478671586096580e-02
1.560620970344050173e-01 8.650730042483910365e-02 7.178957660407159214e-02 8.586071599084241224e-02
1.571912702310639121e-01 8.636996516224039466e-02 7.156676728546704225e-02 8.320500821288426274e-02
1.583292957153536740e-01 8.622195232319151970e-02 7.131545303531854063e-02 8.054666569538158905e-02
1.594018573796091298e-01 8.605510146627094736e-02 7.100236328162139177e-02 7.809304948804306201e-02
1.602890160314473511e-01 8.588855580095662579e-02 7.066386131812411875e-02 7.611761633658840898e-02
1.610345214910781364e-01 8.572523261841578923e-02 7.031427503444392935e-02 7.450186667062450030e-02
1.616107405624474802e-01 8.560948719881997238e-02 7.007331025645553713e-02 7.323314408642719875e-02
1.620480809432857938e-01 8.552036321388531426e-02 6.988686809150962409e-02 7.227262077070591151e-02
1.623727768530711935e-01 8.547145303964262530e-02 6.979654723701274321e-02 7.152680764780547373e-02
1.626004881430915261e-01 8.545617306224831400e-02 6.978621712517332765e-02 7.096773666364376842e-02
1.626845895656246765e-01 8.545544292218686111e-02 6.979609536558352423e-02 7.075194681622382076e-02
1.624748926543063687e-01 8.546795507668852876e-02 6.980126321309614024e-02 7.126974226704355098e-02
1.620415733554777804e-01 8.557074417593060756e-02 7.002636025474212600e-02 7.219399911022846006e-02
1.614876212400331579e-01 8.572638801006282616e-02 7.038167785527969789e-02 7.332965119648901520e-02
1.606817947093790444e-01 8.594431031463110882e-02 7.087488968927306565e-02 7.499775071390352155e-02
1.597493728004957814e-01 8.623238922508502657e-02 7.154569855362957753e-02 7.685987115023105998e-02
1.586727530823159038e-01 8.657186406525119171e-02 7.233932418292232658e-02 7.899700117101642050e-02
1.574339360101904284e-01 8.696410207054505737e-02 7.325702744324799620e-02 8.145303084136838734e-02
1.560483613294074146e-01 8.736790655143278350e-02 7.418617840886922166e-02 8.426612072684309951e-02
1.545210695154679570e-01 8.778183924117621828e-02 7.512348256224411769e-02 8.742597915095340344e-02
1.528474681527472734e-01 8.815373068075567364e-02 7.592289077686535659e-02 9.104327858116978422e-02
1.511202251605965885e-01 8.850921770148062473e-02 7.666898067884803103e-02 9.483016674973976379e-02
1.493942404800530921e-01 8.886278167603825495e-02 7.740988920867625245e-02 9.861744803533803450e-02
1.474865926539859207e-01 8.918041607974268314e-02 7.802492739759307738e-02 1.029418868860957764e-01
1.455292669933928862e-01 8.946397578078246760e-02 7.853796088930467545e-02 1.074591479665041316e-01
1.436712926545340163e-01 8.970917179195117552e-02 7.895814643220290530e-02 1.117925210956346588e-01
1.419298486371367851e-01 8.992740724666703489e-02 7.931969851315924525e-02 1.158760468638885266e-01
1.402831257727401026e-01 9.013728286739210172e-02 7.967136884956967091e-02 1.197308110652389040e-01
1.388394318740654998e-01 9.032772893973319006e-02 7.999764772357989551e-02 1.230981004285410657e-01
1.374191974477659839e-01 9.049406168654614002e-02 8.026004478019582722e-02 1.264504838241514995e-01
1.360416304638245588e-01 9.064212852892937489e-02 8.047757789790357941e-02 1.297272855018034021e-01
1.348411167016245471e-01 9.068523757885445236e-02 8.042766901001413560e-02 1.327456868992984429e-01
1.339048091157127029e-01 9.065561159649007661e-02 8.021246981058849368e-02 1.352196025558869419e-01
1.331877414206556476e-01 9.057267790304236732e-02 7.987975552190713924e-02 1.372283506022336785e-01
1.329276837982804049e-01 9.047445437465632956e-02 7.956916438407106440e-02 1.380859343754824997e-01
1.327079450275003292e-01 9.037837559080555416e-02 7.927026200893759478e-02 1.388353415466065111e-01
1.325354567414403217e-01 9.029306501852338296e-02 7.900806426503287350e-02 1.394423391353682984e-01
1.324982479366401400e-01 9.034983848045712029e-02 7.916102370655661580e-02 1.394308884220975819e-01
1.323817304111063464e-01 9.046097089066706953e-02 7.945424967623457291e-02 1.395212737580186213e-01
1.321152706682682809e-01 9.064063535923003179e-02 7.991723785301012295e-02 1.398690449529314261e-01
1.316491278818633648e-01 9.094862700579559034e-02 8.070959398103752513e-02 1.404893891003650419e-01
1.309930621810909412e-01 9.128748358473826041e-02 8.156106899897451468e-02 1.415417050537083055e-01
1.299945792759515939e-01 9.163936841476628958e-02 8.240035009283774858e-02 1.434535588990832888e-01
1.283314592145251842e-01 9.204155325744922678e-02 8.328567206956656588e-02 1.469864143507070009e-01
1.263116854403369682e-01 9.247271334547066401e-02 8.420122846713543052e-02 1.513853652132704508e-01
1.238256679463991122e-01 9.295763555898226005e-02 8.520057772768668825e-02 1.568864542002340323e-01
1.210837307178472683e-01 9.344677884148235025e-02 8.617543963563346898e-02 1.630404026212425028e-01
1.182102396805334577e-01 9.395826778849633576e-02 8.719394498280598482e-02 1.694917341585599480e-01
1.153438048118917703e-01 9.445822795414948736e-02 8.818131862787499664e-02 1.759466812829363624e-01
1.127247897100550206e-01 9.490498698616177398e-02 8.905546596843876006e-02 1.818634908088240520e-01
