1.041019591911498121e-01 9.470418849511648418e-02 8.727438652002744712e-02 2.045103198671924527e-01
9.812598853215832861e-02 9.546596405821508591e-02 8.855097792025616588e-02 2.184990343472770213e-01
1.025314295449484270e-01 9.459537766619277588e-02 8.674865652248389680e-02 2.087719529091098536e-01
1.191404202012167624e-01 9.258751006514918946e-02 8.350534467840645125e-02 1.696860916284737841e-01
1.359050250910227020e-01 9.219380584676284407e-02 8.478282101823132744e-02 1.271410228702512246e-01
1.388274209925123570e-01 9.528310772785524019e-02 9.380680714290337563e-02 1.137431873411115929e-01
1.322475698218830709e-01 1.001552127075915066e-01 1.064535280410726648e-01 1.215059561725065629e-01
1.249115370665755259e-01 1.042296577224750970e-01 1.167700202068934767e-01 1.327322309443483006e-01
1.227672597925396902e-01 1.052842403523221865e-01 1.194054466929373448e-01 1.362718660018282235e-01
1.295777905207321501e-01 1.019347353732047018e-01 1.110349559535041969e-01 1.250294797594082852e-01
1.412316333109236433e-01 9.620322838652986541e-02 9.671178687208414892e-02 1.057920653662210858e-01
1.503167738880784587e-01 9.173504157207303111e-02 8.554568424329440923e-02 9.079489943137697416e-02
1.564275410302342351e-01 8.872968915744405827e-02 7.803523875590986925e-02 8.070763792542434700e-02
1.606156223124683979e-01 8.666993791812836745e-02 7.288787256845294382e-02 7.379422261777152103e-02
1.622370287437923664e-01 8.583773244167831884e-02 7.079815514656341569e-02 7.118358048209091904e-02
1.607524020621193817e-01 8.573360715860030290e-02 7.029765233945813041e-02 7.521451381297632188e-02
1.553305843197083091e-01 8.664718591008775672e-02 7.207582309105323159e-02 8.748472565983481108e-02
1.470640360624015652e-01 8.808859928433525333e-02 7.492212931284987498e-02 1.061010413708279171e-01
1.376517262348599668e-01 8.927923575278677581e-02 7.690720921690688550e-02 1.281510195513250738e-01
1.302418660419976948e-01 9.001725035015847864e-02 7.791446377378509480e-02 1.458874330469825120e-01
1.264314830281194624e-01 9.014026649323375606e-02 7.771756511019554947e-02 1.554938771145789878e-01
1.268242058256196791e-01 9.030511562680217097e-02 7.823263711714663338e-02 1.541675208708086775e-01
1.250808626478366048e-01 9.163909075300169516e-02 8.170353620064960132e-02 1.561426405493026304e-01
1.157894576194218317e-01 9.337483588872147466e-02 8.522498463492396426e-02 1.768479252508106947e-01
1.041019591911498399e-01 9.470418849511648418e-02 8.727438652002744712e-02 2.045103198671924805e-01
