1.100381338622859889e-01 9.485108305130812711e-02 8.852466190403150692e-02 1.889032673971597076e-01
1.146460648569796736e-01 9.378110417052765158e-02 8.619530798707070174e-02 1.790309687500033775e-01
1.201640921065381395e-01 9.209872746833347446e-02 8.228809151157030766e-02 1.679684894728236122e-01
1.253342178279419072e-01 9.032687709501964479e-02 7.808222683394373809e-02 1.579738578700472795e-01
1.286578622861975219e-01 8.877197344304162130e-02 7.421944369609592695e-02 1.523364278112426806e-01
1.288748627276952996e-01 8.770893255725703552e-02 7.128744017517504861e-02 1.537895675696627218e-01
1.283812220712594876e-01 8.730294297268617609e-02 7.008600375758013146e-02 1.558332627096952472e-01
1.301551662047445712e-01 8.723373535391695799e-02 7.014440259623400120e-02 1.513835407978066649e-01
1.354701135794654232e-01 8.713331506124777359e-02 7.061740213795675292e-02 1.378491028786857364e-01
1.435331851501834011e-01 8.684821703222113387e-02 7.096497517170864688e-02 1.175680552600610329e-01
1.513246505086415505e-01 8.647887378983022677e-02 7.103927936633870621e-02 9.814793684899457415e-02
1.565439344107293906e-01 8.615425711633216410e-02 7.087388267034526457e-02 8.528517599149593176e-02
1.589243324509292676e-01 8.598375877715949689e-02 7.073588545844082531e-02 7.946127842226634319e-02
1.580804449430168179e-01 8.619097875147445353e-02 7.119387799167377351e-02 8.124793292379019205e-02
1.538218155613609028e-01 8.691222122029529373e-02 7.260076747029442501e-02 9.087877739415098355e-02
1.471084088826234704e-01 8.786377253587200620e-02 7.430181269757862861e-02 1.064123005250545984e-01
1.398836175854698272e-01 8.883405951919759458e-02 7.598263617508106693e-02 1.232308711137460738e-01
1.334796554155723569e-01 8.967551532088620381e-02 7.742067389012345646e-02 1.381738548751128282e-01
1.293625527372183615e-01 9.042672764254257312e-02 7.893113828514017327e-02 1.473824732510265467e-01
1.266360008251247171e-01 9.123518224917584463e-02 8.079811440448528281e-02 1.528918885242654402e-01
1.231472119213514460e-01 9.207927342308859509e-02 8.265643847656597987e-02 1.603021086534861805e-01
1.179160926068357484e-01 9.312251823400902184e-02 8.482300719627948460e-02 1.718342861212319717e-01
1.123978170326507264e-01 9.429540340129632936e-02 8.731021295763631562e-02 1.838624289525746525e-01
1.091168794952455806e-01 9.504380575356130567e-02 8.893129069035410339e-02 1.909171633414709357e-01
