1.041019591911498121e-01 9.470418849511648418e-02 8.727438652002744712e-02 2.045103198671924527e-01
1.035541532230066092e-01 9.477344412460711465e-02 8.738980697391308949e-02 2.057937278739935816e-01
1.030082109967483117e-01 9.484246413304765755e-02 8.750483474508477522e-02 2.070727694784608441e-01
1.024627966716700755e-01 9.491141740229468160e-02 8.761975128965919513e-02 2.083505743081563444e-01
1.019165795680289643e-01 9.498047216173703677e-02 8.773483697635961476e-02 2.096302598994629618e-01
1.013682211548419809e-01 9.504979763334600595e-02 8.785037382813318252e-02 2.109149621827664522e-01
1.008631845191816090e-01 9.511652280276818028e-02 8.796480015846801226e-02 2.120927210314454414e-01
1.004499350119523321e-01 9.517415145538148102e-02 8.806687596472997925e-02 2.130506901072500847e-01
1.000578345897567417e-01 9.522587830411743948e-02 8.815549900131160188e-02 2.139652250224057806e-01
9.967576787558940499e-02 9.527482023248295961e-02 8.823778164052187289e-02 2.148591250554464094e-01
9.930734817818392957e-02 9.531986716817623939e-02 8.831114189561078964e-02 2.157251622340289332e-01
9.893802531702976244e-02 9.536502453433670645e-02 8.838468198995219627e-02 2.165933224624652653e-01
9.870088395510771828e-02 9.539435175992153071e-02 8.843282661358779773e-02 2.171501377244738351e-01
9.850892970438267227e-02 9.541826269139340455e-02 8.847227665030467370e-02 2.176005264911948789e-01
9.831745376502591671e-02 9.544211404163534251e-02 8.851162838546806910e-02 2.180497929797352019e-01
9.812598853215832861e-02 9.546596405821508591e-02 8.855097792025616588e-02 2.184990343472770213e-01
9.793577360793521980e-02 9.549248207127662702e-02 8.859794038903824609e-02 2.189399936542942571e-01
9.778192144334831026e-02 9.551136533783605165e-02 8.862877535446830879e-02 2.193015152933995571e-01
9.788783293162910126e-02 9.547613368043415816e-02 8.854558578297878901e-02 2.190947548556521629e-01
9.799340788623631116e-02 9.544101397159686362e-02 8.846266054628945663e-02 2.188886513990385418e-01
9.811778048397422347e-02 9.540073988638161917e-02 8.836803256603523171e-02 2.186437701515292487e-01
9.824975368250299379e-02 9.535837745718919733e-02 8.826866092213832282e-02 2.183832175903331341e-01
9.838207185365055452e-02 9.531590429431530120e-02 8.816902952477174982e-02 2.181219839552496764e-01
9.867774103797152807e-02 9.525224139605355245e-02 8.803348046614883904e-02 2.174790687220151675e-01
9.913453915236317138e-02 9.516786216432290835e-02 8.786301837491261590e-02 2.164593132495375716e-01
9.958992741267738702e-02 9.508374335924502097e-02 8.769308239503020852e-02 2.154427051333331899e-01
1.000450192085075296e-01 9.499967931675173949e-02 8.752325704598085121e-02 2.144267588440288419e-01
1.005009250315557490e-01 9.491546490807023506e-02 8.735312792864187437e-02 2.134089953215000390e-01
1.009720663366650145e-01 9.482715489793884511e-02 8.717374233162128450e-02 2.123596470649993795e-01
1.017327390756261052e-01 9.471287163749922411e-02 8.696298097148232042e-02 2.106118453723938577e-01
1.025314295449484270e-01 9.459537766619277588e-02 8.674865652248389680e-02 2.087719529091098536e-01
1.033286378444738668e-01 9.447810173431744896e-02 8.653472980607056220e-02 2.069354748261688637e-01
1.041263093826876596e-01 9.436075765620122180e-02 8.632067878195551214e-02 2.050979296097086013e-01
1.049446243991711963e-01 9.423759033827618092e-02 8.609332232926823758e-02 2.032181070397456324e-01
1.058383685019881060e-01 9.410900500616153908e-02 8.586155034583400902e-02 2.011537682091942558e-01
1.069373373172603781e-01 9.396861717346520482e-02 8.562595485392361649e-02 1.985818382166524565e-01
1.080325226853167536e-01 9.382871265744481548e-02 8.539117045246052973e-02 1.960187626713291997e-01
1.091266046595664729e-01 9.368894909452789299e-02 8.515662259511319609e-02 1.934582694118593682e-01
1.102288188346400855e-01 9.354675574384797854e-02 8.491645475757689243e-02 1.908813788274310863e-01
1.113409192272797471e-01 9.340190203401960156e-02 8.467027278794120315e-02 1.882839982914242538e-01
1.125789272672284708e-01 9.324928683128831663e-02 8.442029432051251225e-02 1.853761908479978904e-01
1.138853684284229367e-01 9.309288854017040704e-02 8.416946593752171191e-02 1.822988359378463485e-01
1.151884898444412303e-01 9.293688766647005550e-02 8.391927492446318859e-02 1.792293007706893815e-01
1.164914741294141576e-01 9.278090320917005418e-02 8.366911023969207661e-02 1.761600886191480031e-01
1.177975025572100265e-01 9.262455432770040631e-02 8.341836109888534079e-02 1.730837059128648436e-01
1.191097862038097283e-01 9.246745661378381886e-02 8.316641099590409147e-02 1.699925888818589748e-01
1.204254591285366383e-01 9.230814951136213919e-02 8.290878332859903665e-02 1.668969045893318182e-01
1.217348606789004084e-01 9.214960177280608067e-02 8.265238368652548517e-02 1.638159763921409606e-01
1.230412102242335187e-01 9.199142358360296035e-02 8.239658167089987384e-02 1.607422293445021910e-01
1.243476972547848391e-01 9.183322874712272765e-02 8.214075273369260410e-02 1.576681588039780813e-01
1.256575126045273161e-01 9.167463090403173143e-02 8.188427206375364920e-02 1.545862569664447905e-01
1.268912319013356105e-01 9.151730527611652566e-02 8.162055792110392560e-02 1.516984461913798710e-01
1.279863049719956458e-01 9.136359861274273575e-02 8.134729041470176170e-02 1.491618031240344866e-01
1.290794983278527319e-01 9.120875955151667991e-02 8.107060059896502302e-02 1.466321588550071331e-01
1.301725270750639374e-01 9.105254949942305498e-02 8.079006645356458238e-02 1.441055364290955987e-01
1.312666581538906585e-01 9.089618190775919371e-02 8.050924938636679074e-02 1.415763658764419564e-01
1.323645690377665829e-01 9.073927412577997842e-02 8.022746220344061097e-02 1.390384580053717622e-01
1.331880779011145877e-01 9.057855912599692416e-02 7.989619441479722806e-02 1.372163421582598131e-01
1.339164039748184931e-01 9.041678207594375238e-02 7.954848376879891658e-02 1.356420258370455989e-01
1.346422782789604977e-01 9.025242893227347629e-02 7.919324613628096754e-02 1.340789200037384721e-01
1.353677310398426481e-01 9.008817123482519562e-02 7.883821480398441051e-02 1.325167219263951035e-01
1.360945325626128077e-01 8.992360814943978209e-02 7.848252339737857297e-02 1.309516194101386644e-01
1.367720373240592646e-01 8.976071515071110118e-02 7.812450358907177539e-02 1.295106512763593842e-01
1.370835028933216349e-01 8.961447758193047397e-02 7.776105285266475542e-02 1.289833492465428111e-01
1.373919993498101122e-01 8.946724325376356757e-02 7.739440352145263158e-02 1.284656022262311570e-01
1.376999449808878062e-01 8.932027181487001144e-02 7.702840884854929293e-02 1.279487796515950959e-01
1.380080912197185483e-01 8.917320463306874223e-02 7.666217575249074934e-02 1.274316203986463336e-01
1.383171914603740504e-01 8.902568214030764926e-02 7.629480882126611629e-02 1.269128600524218331e-01
1.384302599619660623e-01 8.888132878146862148e-02 7.590850602943513548e-02 1.268943044698624678e-01
1.383463983780347795e-01 8.874120214432862364e-02 7.550608766812390293e-02 1.273762702610271302e-01
1.382627554333876185e-01 8.860144083760808364e-02 7.510471846971093768e-02 1.278569794976333052e-01
1.381653747335234439e-01 8.846417987306193220e-02 7.470837184920915697e-02 1.283684274922906599e-01
1.380334651900816667e-01 8.833293735177173700e-02 7.432390780183627255e-02 1.289576389059010619e-01
1.379011351680955455e-01 8.820127647815563521e-02 7.393821822612960115e-02 1.295487285062676963e-01
1.374805870125184737e-01 8.809326298639609532e-02 7.357760814706566788e-02 1.308392856453328701e-01
1.370208222849954305e-01 8.798911131141530506e-02 7.322220599910167493e-02 1.322237960382872113e-01
1.365576682756974580e-01 8.788896998325437804e-02 7.287750076576296476e-02 1.336094625268471892e-01
1.360944883674239381e-01 8.778882305531940378e-02 7.253277625695168929e-02 1.349952065000919743e-01
1.356301514249223239e-01 8.768842595801955297e-02 7.218719061826661676e-02 1.363844120941450355e-01
1.351501303797960907e-01 8.758967057968872205e-02 7.184395883158722906e-02 1.378110087545680318e-01
1.346302326197642840e-01 8.749733806823702109e-02 7.151297922552153630e-02 1.393284124811205171e-01
1.341116062481550464e-01 8.740523135211490657e-02 7.118280901636350744e-02 1.408421054597553124e-01
1.335926531793099892e-01 8.731252951879438229e-02 7.085093391167318622e-02 1.423577692646454396e-01
1.330727915340475243e-01 8.721929044428625155e-02 7.051743278984742846e-02 1.438767968441328204e-01
1.325412784112759423e-01 8.712513926380904827e-02 7.017973912774765066e-02 1.454276393244382515e-01
1.319949901574673234e-01 8.704850164124866563e-02 6.988876359585484421e-02 1.469834629831293094e-01
1.314513212135522136e-01 8.698302872945261333e-02 6.962927564045956474e-02 1.485113759138368961e-01
1.309097752670625725e-01 8.691781148578835159e-02 6.937080097130660095e-02 1.500333224283008915e-01
1.303690252339080036e-01 8.685269009229940051e-02 6.911270618392967302e-02 1.515530321288175997e-01
1.298277518140958375e-01 8.678750566845187808e-02 6.885436158913743609e-02 1.530742127414599085e-01
1.292846305908070537e-01 8.672209871750327648e-02 6.859513505552658486e-02 1.546005863724950191e-01
1.287388214053730162e-01 8.668501253392819905e-02 6.841445900209194853e-02 1.560802590005069823e-01
1.281948691683828523e-01 8.664805252472451702e-02 6.823439764354560788e-02 1.575548974959734561e-01
1.276514429083440982e-01 8.661112825416045213e-02 6.805451039610313502e-02 1.590281100834144701e-01
1.271072167959141908e-01 8.657414963589868395e-02 6.787435837815619655e-02 1.605034910471326015e-01
1.265608571791288217e-01 8.653702605207697074e-02 6.769350011861931249e-02 1.619846558783282486e-01
1.260146540025623152e-01 8.651206012952493418e-02 6.754654796120070082e-02 1.634423890457489814e-01
1.254776138088984361e-01 8.650739961106190812e-02 6.745748582594984777e-02 1.648380006510903883e-01
1.249466143382029909e-01 8.650236667224579790e-02 6.736824142188721498e-02 1.662187188604175581e-01
1.244185901155085705e-01 8.649716016273052699e-02 6.727893471976788276e-02 1.675920829267530943e-01
1.238938341807572924e-01 8.649169540006414192e-02 6.718937121566463666e-02 1.689574965371899162e-01
1.233677918312444388e-01 8.648621724078629780e-02 6.709958815079768157e-02 1.703262573955713899e-01
1.229012194560231697e-01 8.649138537186107367e-02 6.704790083804401668e-02 1.715212855483142229e-01
1.224567851261851720e-01 8.650007109643820247e-02 6.700915312316152450e-02 1.726524845982392586e-01
1.220134582372692511e-01 8.650873517793740419e-02 6.697050195978780651e-02 1.737808649277486350e-01
1.215701561372356659e-01 8.651739877497943709e-02 6.693185295761650000e-02 1.749091821632118848e-01
1.211281407510638730e-01 8.652799781588077499e-02 6.689878038963029128e-02 1.760305108498208260e-01
1.207091257484815133e-01 8.653785053907050995e-02 6.686688586189418193e-02 1.770938598686346011e-01
1.204646111347009857e-01 8.654215967827928735e-02 6.684425952830125306e-02 1.777171013589991522e-01
1.202208734659199751e-01 8.654645512520146855e-02 6.682170508986610968e-02 1.783383625000013739e-01
1.199842907775924977e-01 8.655038418050342575e-02 6.679914302227664413e-02 1.789418415094776449e-01
1.197504063110396977e-01 8.655416944892656284e-02 6.677656242401483477e-02 1.795386253199852955e-01
1.195159104799234095e-01 8.655796461188869362e-02 6.675392280097977582e-02 1.801369690993065431e-01
1.193964605599702050e-01 8.656694298471659388e-02 6.676202555012569761e-02 1.804284155155391756e-01
1.193928888517300363e-01 8.658103701049070511e-02 6.680080028473554810e-02 1.804109433006093610e-01
1.193893281671505602e-01 8.659508753669885317e-02 6.683945534565152724e-02 1.803935250116321110e-01
1.193857698006293988e-01 8.660912891580690998e-02 6.687808524155190726e-02 1.803761180622183435e-01
1.193822050692226466e-01 8.662319541086932473e-02 6.691678423513099105e-02 1.803586799768211180e-01
1.193842319023420417e-01 8.663700639488362831e-02 6.695556316692692633e-02 1.803272869083124008e-01
1.196050872175442870e-01 8.665481916547214392e-02 6.703649284794485630e-02 1.797232393099977288e-01
1.198562126175812120e-01 8.667312573273187881e-02 6.712308659412866141e-02 1.790400908066569208e-01
1.201068719916700556e-01 8.669139832758032682e-02 6.720951964397246792e-02 1.783582100561155737e-01
1.203576770179300842e-01 8.670968154019695340e-02 6.729600291799568701e-02 1.776759330809681847e-01
1.206172129683739241e-01 8.672746740124977205e-02 6.738233680798744185e-02 1.769720525077946305e-01
1.209421690669392480e-01 8.674310477272001441e-02 6.747194968684160077e-02 1.761033087101751826e-01
1.214550653795602037e-01 8.675236236367413201e-02 6.757040402723089867e-02 1.747613359224799157e-01
1.219661959313160654e-01 8.676158808329012539e-02 6.766851941641900681e-02 1.734239831778074670e-01
1.224768115215853492e-01 8.677080450803952016e-02 6.776653595484090353e-02 1.720879778093682144e-01
1.229910110610221846e-01 8.677977323393762377e-02 6.786436982076961277e-02 1.707431868709209100e-01
1.235096121727285445e-01 8.678850755797026806e-02 6.796217389181716251e-02 1.693874738510708633e-01
1.241534522296857401e-01 8.679210987571953084e-02 6.806341523778669522e-02 1.677180802131091886e-01
1.248687152497609532e-01 8.679261432164514511e-02 6.816613991564023090e-02 1.658701206605699141e-01
1.255821607436964360e-01 8.679311748574347618e-02 6.826860356393965601e-02 1.640268568838469943e-01
1.262955311598032426e-01 8.679362059689246789e-02 6.837105642970797703e-02 1.621837870788333802e-01
1.270105682126126678e-01 8.679412488345257526e-02 6.847374865458417947e-02 1.603364113372220123e-01
1.277290299330043344e-01 8.679463158529146516e-02 6.857693272352928526e-02 1.584801875956508010e-01
1.285851539637621055e-01 8.678923238726424239e-02 6.868315699180729816e-02 1.562796685441532052e-01
1.294371971365823049e-01 8.678385892541461144e-02 6.878887492439936246e-02 1.540896386336158552e-01
1.302872543334052113e-01 8.677849798824287253e-02 6.889434644544410735e-02 1.519047133315941656e-01
1.311374009934959395e-01 8.677313648686560410e-02 6.899982906671477123e-02 1.497195580796841230e-01
1.319897134304967579e-01 8.676776132688515664e-02 6.910558040847368522e-02 1.475288360720464487e-01
1.328472646780551325e-01 8.676026601601304067e-02 6.920616488591536941e-02 1.453286017820172860e-01
1.337053911280272345e-01 8.674930628493796037e-02 6.929717534920455668e-02 1.431334440827655985e-01
1.345695580465740004e-01 8.673796792249185983e-02 6.938798619726357919e-02 1.409234054086345722e-01
1.354410979029125328e-01 8.672623437345546027e-02 6.947874003750027783e-02 1.386950763179547463e-01
1.363135167168632866e-01 8.671448899100470120e-02 6.956958540399148239e-02 1.364644999326700969e-01
1.371889494046558688e-01 8.670270303274293933e-02 6.966074460653177980e-02 1.342262177577897564e-01
1.380063461794281687e-01 8.668783588513620519e-02 6.973509546779690926e-02 1.321436361768345558e-01
1.388035040782000240e-01 8.667186071507161638e-02 6.980349133473066903e-02 1.301154155836552195e-01
1.396147848280531178e-01 8.665504984396252275e-02 6.987155860229773974e-02 1.280523088314781399e-01
1.404255944358227814e-01 8.663824873557592066e-02 6.993958634057205470e-02 1.259904002051209504e-01
1.412379115009436970e-01 8.662141639056594733e-02 7.000774055602812518e-02 1.239246580779186785e-01
1.420404408870134527e-01 8.660405206636229147e-02 7.007302567304984908e-02 1.218851980219304715e-01
1.427499846930582184e-01 8.658348790241171544e-02 7.011622105863092591e-02 1.200919128612133874e-01
1.434526862352362708e-01 8.656271044864440045e-02 7.015785277252642449e-02 1.183167002807873902e-01
1.441541330924496489e-01 8.654197009335672097e-02 7.019941015232367132e-02 1.165446573711248629e-01
1.448560368994092629e-01 8.652121622699550374e-02 7.024099460421334706e-02 1.147714600838363602e-01
1.455601137574341897e-01 8.650039810793899719e-02 7.028270779901134302e-02 1.129927730866814861e-01
1.461964209374351509e-01 8.647939282664593441e-02 7.031429962289711955e-02 1.113894403730454619e-01
1.467602771627846692e-01 8.645835404147113323e-02 7.033553521419157184e-02 1.099732592326213981e-01
1.473226633333641622e-01 8.643737010745360105e-02 7.035671544122669430e-02 1.085607702813531361e-01
1.478757354921058642e-01 8.641919171969471292e-02 7.038439549763400582e-02 1.071670186931904384e-01
1.484064600504777509e-01 8.640799953934819033e-02 7.042838083189771614e-02 1.058177422021627789e-01
1.489388763612727040e-01 8.639677168249504380e-02 7.047250637504122450e-02 1.044641647197128154e-01
1.493902873694169797e-01 8.638258257649705785e-02 7.049690418508318401e-02 1.033253738788871001e-01
1.498281015540709471e-01 8.636803515363093708e-02 7.051837732663444880e-02 1.022223724266280304e-01
1.502627909666847672e-01 8.635545532172815564e-02 7.054489159995788738e-02 1.011237131951374102e-01
1.506975046865705881e-01 8.634287478637742153e-02 7.057140735592534742e-02 1.000249925280380647e-01
1.511333043314810887e-01 8.633026282455553979e-02 7.059798934887046018e-02 9.892352723105241052e-02
1.515676569040864952e-01 8.631646806482498602e-02 7.062106985015823013e-02 9.782803899371614320e-02
1.519911063874049006e-01 8.629932789449300257e-02 7.063328209411023906e-02 9.676704201034973252e-02
1.524135203425636131e-01 8.628222963973714021e-02 7.064546447352586245e-02 9.570863965112834382e-02
1.528403052867801926e-01 8.626474320151807096e-02 7.065718412972961382e-02 9.463968546072595855e-02
1.532618093982597018e-01 8.624712279981475160e-02 7.066778238081679320e-02 9.358462155868310650e-02
1.536718335706608596e-01 8.622922691339526824e-02 7.067598668217955904e-02 9.255972378115844001e-02
1.540681094483616898e-01 8.620842407722903444e-02 7.067414170574476406e-02 9.157583386965596761e-02
1.544590233751706454e-01 8.618610684980482217e-02 7.066731652008630127e-02 9.060865836876270951e-02
1.548484108045229957e-01 8.616387676993045308e-02 7.066051798640374249e-02 8.964525963518589491e-02
1.552372259488281059e-01 8.614167936173817985e-02 7.065372944456702053e-02 8.868327681452285727e-02
1.556264174235008624e-01 8.611946046889201734e-02 7.064693433216716334e-02 8.772036290011536730e-02
1.560169375231045541e-01 8.609716572501399656e-02 7.064011602255894362e-02 8.675416178257991384e-02
1.563668208755210065e-01 8.607191120590383659e-02 7.061929239280222148e-02 8.589850190091923021e-02
1.567155138570823225e-01 8.604674260755354465e-02 7.059853960906253834e-02 8.504575313971619865e-02
1.570638696684677760e-01 8.602159834608753830e-02 7.057780689231625548e-02 8.419382894758971336e-02
1.574127382140532161e-01 8.599641707555673309e-02 7.055704365972209624e-02 8.334065083445825473e-02
1.577629744127970468e-01 8.597113708806049248e-02 7.053619902999144764e-02 8.248412804679024213e-02
1.581020962806623242e-01 8.594471213144769250e-02 7.051058894819196843e-02 8.165847416444851903e-02
1.584079266243725304e-01 8.591663530588834752e-02 7.047565920805054507e-02 8.092191685901348186e-02
1.586970728247123208e-01 8.588861721350146694e-02 7.043852980995775337e-02 8.022833131373441340e-02
1.589783088740164274e-01 8.586063401441641763e-02 7.040037716871237750e-02 7.955510584359079540e-02
1.592487487129435608e-01 8.583264824724841369e-02 7.036068806037273915e-02 7.890976399569187005e-02
1.595198515225544900e-01 8.580459387427415152e-02 7.032090165603041565e-02 7.826284012227520404e-02
1.597446533493029619e-01 8.577816667325655065e-02 7.027909160419328061e-02 7.773239599900927388e-02
1.599529148795433287e-01 8.575241382315920702e-02 7.023681802467378332e-02 7.724338614928576152e-02
1.601606574639561631e-01 8.572672514398239907e-02 7.019464978240830266e-02 7.675559481371058146e-02
1.603683884323208741e-01 8.570103790120309206e-02 7.015248389800471385e-02 7.626783075327323025e-02
1.605770472381650160e-01 8.567523575763391630e-02 7.011012921045531310e-02 7.577788839587278058e-02
1.607800995088442264e-01 8.564922230569861628e-02 7.006639141761869527e-02 7.530282387737166627e-02
1.609374183597937491e-01 8.562255191087597694e-02 7.001434444447401928e-02 7.494709982310651664e-02
1.610942373302138297e-01 8.559596626121263041e-02 6.996246285054696923e-02 7.459250608175357899e-02
1.612354610349297501e-01 8.556957099463033400e-02 6.990890275500875883e-02 7.427782296496827918e-02
1.613705466777851372e-01 8.554323373224133331e-02 6.985463484818597857e-02 7.397888013193942847e-02
1.615059854290632479e-01 8.551682762531059856e-02 6.980022508724334496e-02 7.367915587440081182e-02
1.616213765495417287e-01 8.549846658922970188e-02 6.976539749993200534e-02 7.341596198404161389e-02
1.617158831048470524e-01 8.548828204263819730e-02 6.975039980202699108e-02 7.319121073494989915e-02
1.618100979766970982e-01 8.547812892946136942e-02 6.973544839276654694e-02 7.296715315436284877e-02
1.619042515132738946e-01 8.546798242611117202e-02 6.972050671709434377e-02 7.274324143857030522e-02
1.619985734632172769e-01 8.545781777360959841e-02 6.970553831509836151e-02 7.251892920966643286e-02
1.620810545338927933e-01 8.544779199382347701e-02 6.968927966787986927e-02 7.232493032138340161e-02
1.621134253906260370e-01 8.544891335398864529e-02 6.969699035988090319e-02 7.223921598956684065e-02
1.621385047252075773e-01 8.545162062230557409e-02 6.970808818631085702e-02 7.216932650431176488e-02
1.621635375188151817e-01 8.545432286660942234e-02 6.971916541794993816e-02 7.209956671646527981e-02
1.621885848583808909e-01 8.545702668112285794e-02 6.973024908630359731e-02 7.202976639287343719e-02
1.621944667066019807e-01 8.546001559359513167e-02 6.973941249638113127e-02 7.200891659123100086e-02
1.621752519878428556e-01 8.546328964492683200e-02 6.974581561073407709e-02 7.205233288807563752e-02
1.620906018920046932e-01 8.546723708839591704e-02 6.974482641690479823e-02 7.226344570053178096e-02
1.620062432231524074e-01 8.547117094190335995e-02 6.974384062859766142e-02 7.247383170966881227e-02
1.619219695452391306e-01 8.547510083207303377e-02 6.974285583346735706e-02 7.268400575594893831e-02
1.618291283787817725e-01 8.547915387474294691e-02 6.974100066401743570e-02 7.291607013121349790e-02
1.617275474826652681e-01 8.548333680955648439e-02 6.973826950555593596e-02 7.317045684348760792e-02
1.615811797436490505e-01 8.549822783050413377e-02 6.975903809241479347e-02 7.352021332413696819e-02
1.614087916869388351e-01 8.551945477951782004e-02 6.979377935027251956e-02 7.392516054613364196e-02
1.612368416785974479e-01 8.554062778958367030e-02 6.982843232851486392e-02 7.432907877300465316e-02
1.610649097650277417e-01 8.556179857155556123e-02 6.986308166012916709e-02 7.473295449445138683e-02
1.608925761694831591e-01 8.558301881451074733e-02 6.989781194246200147e-02 7.513777378474460755e-02
1.607194171827568407e-01 8.560434069174888139e-02 6.993270856536636104e-02 7.554453195568001933e-02
1.604234509182830004e-01 8.564702833229996537e-02 7.000975656693815552e-02 7.622794333576823900e-02
1.601288954263562769e-01 8.568951249509487722e-02 7.008643730636389402e-02 7.690809712156536360e-02
1.598350264960446687e-01 8.573189763411928621e-02 7.016293931528298777e-02 7.758666557796117802e-02
1.595411266378438664e-01 8.577428723391773702e-02 7.023944937556586554e-02 7.826530544949443502e-02
1.592464780599730512e-01 8.581678482263242758e-02 7.031615434777362117e-02 7.894567417868604553e-02
1.589210500446392449e-01 8.587258075157459813e-02 7.042556240191887029e-02 7.968033556543381579e-02
1.585473886367699536e-01 8.595002316912062068e-02 7.058846780270248977e-02 8.049854834338604492e-02
1.581673634913530191e-01 8.602721435044512199e-02 7.074977155791405126e-02 8.133366989010250292e-02
1.577804001294186576e-01 8.610427576761127411e-02 7.090973083923096665e-02 8.218695358797896422e-02
1.573930465106414822e-01 8.618141490207138766e-02 7.106985144125736731e-02 8.304109783192939465e-02
1.570043547330345346e-01 8.625882052278306678e-02 7.123052519881671596e-02 8.389819281806104589e-02
1.565971698198957984e-01 8.634928815659201340e-02 7.142498376896835866e-02 8.477830150573129053e-02
1.561830492864287045e-01 8.644365447071951369e-02 7.162932568667433608e-02 8.566893540811938712e-02
1.557546471027613788e-01 8.653743194750919410e-02 7.183000345771482775e-02 8.659756373459795431e-02
1.553264937087977526e-01 8.663115496409407035e-02 7.203056468741848850e-02 8.752565277072045513e-02
1.548975442919761636e-01 8.672505223052622003e-02 7.223149880059222261e-02 8.845546731012601804e-02
1.544542297974376421e-01 8.682061417127795444e-02 7.243503758647318325e-02 8.941922335456779780e-02
1.539237321758671062e-01 8.692493568740440602e-02 7.265063999379706150e-02 9.059151858235886534e-02
1.533737490059067510e-01 8.702865547671888302e-02 7.286180518595058997e-02 9.181527053167640173e-02
1.528247478397883885e-01 8.713219007267263005e-02 7.307259333923948885e-02 9.303683745210317158e-02
1.522753890329721915e-01 8.723579211508630804e-02 7.328351880812419838e-02 9.425920014870096952e-02
1.517243294450395241e-01 8.733971490305857122e-02 7.349509728930253560e-02 9.548534720511243912e-02
1.511600802362146612e-01 8.743914955417260437e-02 7.369229879148846141e-02 9.675405438860412710e-02
1.505867660659327978e-01 8.753336673898472198e-02 7.387367490927303215e-02 9.805605211907572616e-02
1.500149466086518890e-01 8.762733828596269703e-02 7.405457815327322335e-02 9.935465535306364782e-02
1.494396015513823894e-01 8.772089357643186869e-02 7.423382186199108113e-02 1.006631510741189950e-01
1.488544506420841629e-01 8.781356825959681089e-02 7.440922225599817807e-02 1.019986361266394387e-01
1.482674344894067131e-01 8.790653835516983039e-02 7.458518176119939558e-02 1.033383782086076952e-01
1.476654428985554324e-01 8.799789068501430445e-02 7.475451117383580257e-02 1.047198551462774074e-01
1.470640360624015652e-01 8.808859928433525333e-02 7.492212931284987498e-02 1.061010413708279171e-01
1.464579836922536848e-01 8.818286936396699249e-02 7.509901540437659284e-02 1.074874778697655076e-01
1.458518974324380102e-01 8.827714471506016569e-02 7.527591138714564978e-02 1.088739918964458930e-01
1.452442971549906814e-01 8.837165556818211976e-02 7.545324926021099166e-02 1.102639694675460469e-01
1.446266688279227719e-01 8.846335481549025270e-02 7.562133056511345652e-02 1.116851676278983740e-01
1.439882337293130754e-01 8.854522287228137889e-02 7.575906457503925329e-02 1.131787156937872629e-01
1.433513598972742387e-01 8.862689072413297564e-02 7.589646176215276985e-02 1.146686113497878134e-01
1.427103589162735109e-01 8.870738022902324715e-02 7.602999022315180822e-02 1.161713963234211888e-01
1.420656346327525965e-01 8.878715215259191940e-02 7.616099133818152178e-02 1.176851550419627385e-01
1.414133398365154115e-01 8.886535163092693090e-02 7.628653759676846946e-02 1.192214412391593842e-01
1.407733725567167082e-01 8.893734051398059781e-02 7.639652087344449283e-02 1.207376578488398300e-01
1.401472039184457619e-01 8.900592101735653461e-02 7.649895945604999470e-02 1.222246983792654590e-01
1.395234804343845891e-01 8.907423371762594744e-02 7.660099802160547089e-02 1.237059320979301408e-01
1.389006736404797826e-01 8.914244601830885462e-02 7.670288662046735595e-02 1.251849888384884979e-01
1.382772640379828499e-01 8.921072434100910109e-02 7.680487383630556220e-02 1.266654771435709315e-01
1.376517262348599668e-01 8.927923575278677581e-02 7.690720921690688550e-02 1.281510195513250738e-01
1.371022985880229195e-01 8.934059569838977144e-02 7.700039433431514480e-02 1.294535703025629370e-01
1.365547402003354505e-01 8.940174688558677474e-02 7.709326241792589796e-02 1.307516895241468413e-01
1.360077112765822605e-01 8.946283894238074574e-02 7.718604070234443004e-02 1.320485535237752583e-01
1.354598771977881255e-01 8.952402091869335332e-02 7.727895554426505997e-02 1.333473263376206974e-01
1.349098954704954778e-01 8.958544274386648354e-02 7.737223463592561579e-02 1.346511906702150541e-01
1.343828409857937556e-01 8.964244718623660957e-02 7.745644998576317608e-02 1.359042175290205712e-01
1.338991276754590842e-01 8.968981302967420077e-02 7.751994151611497907e-02 1.370635820257234405e-01
1.334161025392376076e-01 8.973469357816943326e-02 7.757660390062523503e-02 1.382258768390947634e-01
1.329335266339293775e-01 8.977839534660676801e-02 7.763004460741804169e-02 1.393892443301369966e-01
1.324506881089010102e-01 8.982049161368577117e-02 7.767897350988334226e-02 1.405563309393462468e-01
1.319666659276909904e-01 8.986269107780510412e-02 7.772802235927675496e-02 1.417262786070831171e-01
1.315231454140694256e-01 8.990219983519349978e-02 7.777530925024771224e-02 1.427967363670254453e-01
1.310953336555870097e-01 8.994061453552690266e-02 7.782177213938255844e-02 1.438287020806779670e-01
1.306685879179236009e-01 8.997893351415674201e-02 7.786811925234679577e-02 1.448580963434214219e-01
1.302418660419976948e-01 9.001725035015847864e-02 7.791446377378509480e-02 1.458874330469825120e-01
1.298151081575104338e-01 9.005701995933489135e-02 7.796485213788917346e-02 1.469141110527737160e-01
1.293987492568619002e-01 9.009348058324513631e-02 7.800749125469583212e-02 1.479202035602935894e-01
1.290684756797717547e-01 9.010559123962466610e-02 7.799446012806771078e-02 1.487501213025782254e-01
1.287392515467219445e-01 9.011766341440272110e-02 7.798147040783451334e-02 1.495774019818671141e-01
1.284126582901516656e-01 9.012741645153418690e-02 7.796238981808806257e-02 1.504022816740588631e-01
1.280868927674048141e-01 9.013624899336331042e-02 7.794086101757782825e-02 1.512267674319190958e-01
1.277602757067189954e-01 9.014510462310061645e-02 7.791927594165129478e-02 1.520534083623006072e-01
1.275014920194729173e-01 9.014922520349515078e-02 7.789410283694314652e-02 1.527138536370495625e-01
1.273124104043875937e-01 9.014858230018851781e-02 7.786552716139984176e-02 1.532033316238967657e-01
1.271239123676437821e-01 9.014794138112793009e-02 7.783703968134465800e-02 1.536912988940535019e-01
1.269355370459062105e-01 9.014730087931510649e-02 7.780857074705978260e-02 1.541789484903096086e-01
1.267468247753585076e-01 9.014665923183033669e-02 7.778005089010922579e-02 1.546674703502449177e-01
1.265599198174212625e-01 9.014423370023169624e-02 7.774681527916985080e-02 1.551547040716544645e-01
1.264873834695727506e-01 9.014221657930104881e-02 7.773091852159882964e-02 1.553458333006122183e-01
1.264314830281194624e-01 9.014026649323375606e-02 7.771756511019554947e-02 1.554938771145789878e-01
1.263756863239075268e-01 9.013832002603863747e-02 7.770423647938477785e-02 1.556416461962457365e-01
1.263198571975643336e-01 9.013637242779788672e-02 7.769090010362519894e-02 1.557895011429938359e-01
1.262681326632966450e-01 9.013163815245396615e-02 7.767037856055560019e-02 1.559320351286072603e-01
1.262330520878364448e-01 9.012891883819131034e-02 7.765783046118988897e-02 1.560277733600823613e-01
1.262462447314831315e-01 9.013366906680449209e-02 7.767293832972550771e-02 1.559847090023159522e-01
1.262593919564881095e-01 9.013840294168774803e-02 7.768799418602716222e-02 1.559417929032828609e-01
1.262725259357292684e-01 9.014313204721557948e-02 7.770303487362850703e-02 1.558989200420059229e-01
1.262875727178902618e-01 9.014662743925251631e-02 7.771490810016626338e-02 1.558534445653438349e-01
1.263045618474639420e-01 9.014889076587091765e-02 7.772362264394132303e-02 1.558052870597672057e-01
1.263681848142501341e-01 9.016706757363299185e-02 7.778329456415815357e-02 1.556065667252726215e-01
1.264594078257112730e-01 9.019468287824061736e-02 7.787318160848125115e-02 1.553186981990383464e-01
1.265503990340408891e-01 9.022222801070652054e-02 7.796284024444531668e-02 1.550315611639569713e-01
1.266413806671158049e-01 9.024977024452250640e-02 7.805248944538487055e-02 1.547444543450944010e-01
1.267325748592281198e-01 9.027737682485009740e-02 7.814234809242046054e-02 1.544566767628373083e-01
1.268242058256196791e-01 9.030511562680217097e-02 7.823263711714663338e-02 1.541675208708086775e-01
1.268409503231498481e-01 9.036492341996218980e-02 7.840169599244960208e-02 1.540110007307156359e-01
1.268576150052405926e-01 9.042444612930407299e-02 7.856994902043555606e-02 1.538552266699675930e-01
1.268742408446299208e-01 9.048383010075593258e-02 7.873780987759533556e-02 1.536998156935743265e-01
1.268908684337860526e-01 9.054322032200386172e-02 7.890568840107316240e-02 1.535443883611359583e-01
1.269075383822789171e-01 9.060276184181693948e-02 7.907399460067666974e-02 1.533885650723954830e-01
1.268730426142900269e-01 9.067972729769195606e-02 7.928361433453351426e-02 1.533318631249185604e-01
1.267535465884028212e-01 9.078501798254721977e-02 7.956013724427540845e-02 1.534410045083838270e-01
1.266272915587664805e-01 9.088872893449646828e-02 7.983129993874742147e-02 1.535705916366471580e-01
1.264941010579201663e-01 9.099102720705012914e-02 8.009754300645387237e-02 1.537207637825776518e-01
1.263607762329763684e-01 9.109342864854634569e-02 8.036405458324728801e-02 1.538710873787830224e-01
1.262269908216766823e-01 9.119618384791776389e-02 8.063148685576274066e-02 1.540219302856075390e-01
1.259776934775858892e-01 9.130735418636357070e-02 8.090600994549516922e-02 1.544551174672372240e-01
1.256884269135372934e-01 9.142030191265955452e-02 8.117982495587693081e-02 1.549881495389889563e-01
1.253845565460542100e-01 9.152972810684048555e-02 8.144175663518753161e-02 1.555655627072162761e-01
1.250808626478366048e-01 9.163909075300169516e-02 8.170353620064960132e-02 1.561426405493026304e-01
1.247766041218753147e-01 9.174865672621199120e-02 8.196580246672127701e-02 1.567207912946044779e-01
1.244388622008314460e-01 9.186131021656503137e-02 8.223193077500742798e-02 1.573795572607857296e-01
1.238767582380003035e-01 9.199217402725007320e-02 8.251703062030352198e-02 1.585831952089129526e-01
1.233077956643127554e-01 9.212022595088584231e-02 8.279332207241126007e-02 1.598098699241503051e-01
1.227398489824993721e-01 9.224804923574164706e-02 8.306912020166425104e-02 1.610343543918510700e-01
1.221715323181428448e-01 9.237595578965333842e-02 8.334509799653816442e-02 1.622596365363265514e-01
1.216014561803076544e-01 9.250425833439812617e-02 8.362193020171054814e-02 1.634887120790469994e-01
1.209652925187249817e-01 9.262317884637517873e-02 8.386325280467055165e-02 1.649062140275530663e-01
1.202676731735194682e-01 9.273184362090101940e-02 8.406728686319427102e-02 1.665018365825084168e-01
1.195718726228931772e-01 9.284022509063581674e-02 8.427078897540354885e-02 1.680932991185749847e-01
1.188725744610083651e-01 9.294716959839768866e-02 8.446979076553674803e-02 1.696965151741711697e-01
1.181633277265490556e-01 9.305070342599924826e-02 8.465787759881263086e-02 1.713318812877531183e-01
1.174518201773927378e-01 9.315456728092094685e-02 8.484656398293069501e-02 1.729724603400275562e-01
1.166268665681292199e-01 9.326451604397173467e-02 8.503613936306000931e-02 1.748944626855163942e-01
1.157894576194218317e-01 9.337483588872147466e-02 8.522498463492396426e-02 1.768479252508106947e-01
1.149485566338284831e-01 9.348994371423083316e-02 8.542667956623017922e-02 1.788013363455248084e-01
1.141076086261354067e-01 9.360505797642150461e-02 8.562838577605709489e-02 1.807548566724706818e-01
1.132645599106792828e-01 9.372045979672749549e-02 8.583059585270681746e-02 1.827132569388163208e-01
1.124247931748588586e-01 9.383012224732874274e-02 8.601727495153965730e-02 1.846740531161574217e-01
1.116075610780381255e-01 9.392088619613978007e-02 8.615447517344700101e-02 1.866124541573933038e-01
1.107923274884363152e-01 9.401142818547611468e-02 8.629133987789856797e-02 1.885461149192285413e-01
1.099738858926098545e-01 9.409877305257320634e-02 8.641883963869394225e-02 1.904941152616544953e-01
1.091610240251013192e-01 9.418383903969315685e-02 8.654077844199908887e-02 1.924320236261180539e-01
1.083504905349541025e-01 9.426418495427639488e-02 8.664989201386402717e-02 1.943728597230314215e-01
1.076035682020178991e-01 9.433910690363918328e-02 8.675289943049040164e-02 1.961597079455099368e-01
1.069011831397702894e-01 9.441233833969026046e-02 8.685750412527756814e-02 1.978347507775943537e-01
1.062015408526902904e-01 9.448528381099764728e-02 8.696170034446534802e-02 1.995032526592350197e-01
1.055029268340881704e-01 9.455812207390706936e-02 8.706574342584304238e-02 2.011693023336238173e-01
1.048036366338240266e-01 9.463103083625733214e-02 8.716988720949955805e-02 2.028369645611646788e-01
