# LAT_S =-0.5857506
# LON_S =267.6066184
# LAT_O =1.680837
# LON_O =210.1242232

# apparent albedo ( time x band )
0.000000000000000000e+00 4.197802286325786336e-01 3.279974829916021961e-01 2.442694202462571962e-01 2.318919016815391421e-01 2.573529652822777458e-01 2.754081725546585480e-01 2.037853764933268697e-01
1.000000000000000056e-01 4.198600122089374276e-01 3.279982105502963763e-01 2.439283902319354380e-01 2.314456152183924920e-01 2.566174433682181233e-01 2.744097975105197484e-01 2.028923488428496791e-01
2.000000000000000111e-01 4.199445943277327342e-01 3.279969603748965623e-01 2.435537936676986648e-01 2.309563151420205573e-01 2.558123309763225550e-01 2.733174314771906199e-01 2.019145300497307560e-01
3.000000000000000444e-01 4.200338947786169674e-01 3.279938389374972285e-01 2.431466657639962947e-01 2.304253077544819450e-01 2.549397120740197753e-01 2.721338782963265701e-01 2.008544661730280179e-01
4.000000000000000222e-01 4.201277222192770222e-01 3.279889136297642893e-01 2.427082709086942347e-01 2.298542164622115747e-01 2.540022177267088344e-01 2.708626932556171818e-01 1.997153619058203988e-01
5.000000000000000000e-01 4.202270053050066179e-01 3.279833211046853103e-01 2.422419258127307407e-01 2.292468721091118211e-01 2.530054360078667353e-01 2.695111996860906634e-01 1.985041685277952606e-01
6.000000000000000888e-01 4.203374107137320403e-01 3.279832959462719022e-01 2.417633398934998235e-01 2.286210401923593760e-01 2.519746699979930060e-01 2.681123087238746483e-01 1.972525204182989655e-01
7.000000000000000666e-01 4.204496257688825622e-01 3.279826297510995969e-01 2.412727721440273143e-01 2.279798253184625312e-01 2.509189742854706640e-01 2.666797314980355327e-01 1.959705070424877793e-01
8.000000000000000444e-01 4.205604331750804614e-01 3.279793266570872889e-01 2.407712742350063828e-01 2.273254919312419076e-01 2.498433455235514467e-01 2.652207065659039076e-01 1.946639047018043356e-01
9.000000000000000222e-01 4.206695570805892848e-01 3.279734856482422467e-01 2.402606807956779167e-01 2.266603950625990793e-01 2.487515997528721989e-01 2.637403901559376429e-01 1.933373615950467195e-01
1.000000000000000000e+00 4.207779720820043479e-01 3.279661480274521090e-01 2.397434936552757523e-01 2.259873424215918525e-01 2.476477004122540626e-01 2.622439225889107717e-01 1.919958423260261782e-01
1.100000000000000089e+00 4.208861092148882821e-01 3.279579124860526607e-01 2.392217115412415274e-01 2.253086810040551002e-01 2.465351330902877391e-01 2.607358971063843955e-01 1.906436667043273081e-01
1.200000000000000178e+00 4.209952418823714737e-01 3.279500506844462149e-01 2.386980291801055754e-01 2.246273681421315782e-01 2.454179614319628444e-01 2.592215372329544909e-01 1.892859546064842302e-01
1.300000000000000044e+00 4.211057414530866017e-01 3.279431144929395581e-01 2.381744014701925038e-01 2.239457143760255065e-01 2.442996407034749851e-01 2.577054057881792981e-01 1.879269821939637819e-01
1.400000000000000133e+00 4.212190034042744835e-01 3.279384759620350143e-01 2.376536425029535937e-01 2.232667884053915752e-01 2.431843542506276490e-01 2.561928657416949751e-01 1.865720293345112524e-01
1.500000000000000000e+00 4.213353087762329863e-01 3.279366249690491841e-01 2.371376982280996304e-01 2.225929166870730669e-01 2.420756229086505062e-01 2.546885831063327998e-01 1.852254427684904836e-01
1.600000000000000089e+00 4.214556819021716971e-01 3.279386972178260917e-01 2.366294646223826570e-01 2.219273802969689013e-01 2.409781298532994442e-01 2.531986533551545682e-01 1.838930748327965436e-01
1.700000000000000178e+00 4.215685600529812116e-01 3.279370408922792079e-01 2.361296288663848331e-01 2.212744868380070451e-01 2.399038273628441853e-01 2.517410509784269168e-01 1.825883231183395572e-01
1.800000000000000044e+00 4.216745143831147069e-01 3.279336566245891205e-01 2.356486367069741961e-01 2.206470048257294092e-01 2.388724759243176232e-01 2.503421353017722395e-01 1.813354742610906456e-01
1.900000000000000133e+00 4.217745904826334380e-01 3.279301556680594976e-01 2.351923632648058871e-01 2.200518992762196535e-01 2.378945244990005592e-01 2.490157178128085402e-01 1.801474512599021693e-01
2.000000000000000000e+00 4.218710103994209870e-01 3.279284797953890829e-01 2.347637202810636259e-01 2.194921127663937710e-01 2.369735870392423172e-01 2.477662581715760481e-01 1.790289256606694135e-01
2.100000000000000089e+00 4.219622834621624685e-01 3.279279947144128626e-01 2.343650708612126099e-01 2.189710180963825026e-01 2.361156213964120398e-01 2.466019873921253269e-01 1.779870394962569657e-01
2.200000000000000178e+00 4.220500286555589620e-01 3.279298686104352711e-01 2.339969439349716407e-01 2.184887865019805031e-01 2.353201680373239180e-01 2.455220141131434219e-01 1.770214051224389684e-01
2.300000000000000266e+00 4.221332069256250041e-01 3.279336756693063126e-01 2.336610920198953500e-01 2.180478994425760209e-01 2.345915843800508438e-01 2.445323495558530125e-01 1.761372515918355752e-01
2.400000000000000355e+00 4.222125626157780531e-01 3.279400542236539651e-01 2.333584121927265165e-01 2.176492456331554637e-01 2.339309289743974341e-01 2.436342840389995879e-01 1.753359573765273238e-01
2.500000000000000000e+00 4.222877677516123085e-01 3.279489857612183368e-01 2.330902061175483542e-01 2.172945354972768139e-01 2.333410307402316031e-01 2.428316610533683972e-01 1.746209548937921463e-01
2.600000000000000089e+00 4.223593528985508661e-01 3.279609531339305328e-01 2.328572930962477805e-01 2.169846253129895652e-01 2.328229935015710406e-01 2.421258679922730084e-01 1.739936549172725333e-01
2.700000000000000178e+00 4.224268784833613011e-01 3.279758144069614412e-01 2.326606612837271160e-01 2.167208705166443206e-01 2.323791398426028609e-01 2.415200894609847437e-01 1.734568570289377054e-01
2.800000000000000266e+00 4.224814724359372553e-01 3.279868192954746298e-01 2.324951607275452248e-01 2.164995438934854688e-01 2.320076159286625639e-01 2.410133564813053408e-01 1.730073257272993770e-01
2.900000000000000355e+00 4.225148498046187862e-01 3.279878329807965898e-01 2.323570721809628814e-01 2.163185149535324925e-01 2.317088071243812164e-01 2.406075979440372159e-01 1.726446342940671508e-01
3.000000000000000000e+00 4.225342487093177168e-01 3.279849581986325480e-01 2.322544439591250343e-01 2.161855895695932450e-01 2.314916961208844104e-01 2.403136061006803659e-01 1.723805802650411889e-01
3.100000000000000089e+00 4.225477764615152565e-01 3.279849992694515715e-01 2.321960889486418267e-01 2.161092608736925602e-01 2.313659521968958188e-01 2.401429442203473763e-01 1.722278972039779643e-01
3.200000000000000178e+00 4.225553264956358746e-01 3.279879000578084236e-01 2.321821063922575312e-01 2.160896836538644117e-01 2.313318659324129778e-01 2.400960195259794205e-01 1.721869297715985514e-01
3.300000000000000266e+00 4.225560904269495821e-01 3.279930749479013086e-01 2.322122171884150876e-01 2.161267538304970648e-01 2.313896376534008981e-01 2.401732380921499654e-01 1.722578358185557490e-01
3.400000000000000355e+00 4.225488672338507667e-01 3.279995275107561170e-01 2.322851904936132916e-01 2.162193057608945979e-01 2.315379800147925327e-01 2.403730811560035041e-01 1.724389068275666848e-01
3.500000000000000000e+00 4.225327886280196843e-01 3.280065544651659115e-01 2.324002468661112430e-01 2.163666334958823934e-01 2.317761767224387481e-01 2.406947377726615656e-01 1.727291704510361403e-01
3.600000000000000089e+00 4.225067205113219315e-01 3.280131814664744572e-01 2.325560080885860081e-01 2.165673688343048575e-01 2.321025927863627769e-01 2.411362123144728253e-01 1.731264992520631929e-01
3.700000000000000178e+00 4.224698303180187686e-01 3.280186754539541338e-01 2.327513475953724431e-01 2.168203651628600181e-01 2.325158050168329160e-01 2.416957413027421286e-01 1.736290581669987509e-01
3.800000000000000266e+00 4.224210787088829577e-01 3.280221067115959843e-01 2.329847647738980398e-01 2.171240743424312225e-01 2.330138537250255881e-01 2.423708782196987710e-01 1.742343319901150100e-01
3.900000000000000355e+00 4.223623546230334536e-01 3.280245906884052265e-01 2.332552781628056682e-01 2.174767159767191371e-01 2.335930984021036549e-01 2.431564267510478161e-01 1.749380627731849935e-01
4.000000000000000000e+00 4.222995053811744448e-01 3.280299858360759546e-01 2.335624685395679689e-01 2.178760228619524564e-01 2.342473554698244753e-01 2.440431106692324548e-01 1.757333045763574686e-01
4.100000000000000533e+00 4.222321705493922717e-01 3.280374398240645806e-01 2.339023931497165310e-01 2.183172188126261959e-01 2.349692993324806189e-01 2.450211834201136696e-01 1.766110377352120842e-01
4.200000000000000178e+00 4.221596490606102647e-01 3.280457105606830459e-01 2.342700681084336212e-01 2.187943398086729385e-01 2.357498953828709165e-01 2.460786683970730138e-01 1.775601105169190008e-01
4.299999999999999822e+00 4.220813080426908948e-01 3.280539797817141889e-01 2.346629512385770833e-01 2.193044260117986144e-01 2.365847880305507189e-01 2.472098419605331387e-01 1.785751146600258743e-01
4.400000000000000355e+00 4.219967458988743703e-01 3.280617139917963998e-01 2.350793373018963683e-01 2.198454851740833660e-01 2.374710345909528675e-01 2.484108327265064642e-01 1.796523991032940026e-01
4.500000000000000000e+00 4.219053906899608020e-01 3.280682577439365533e-01 2.355174716064272478e-01 2.204155147083818878e-01 2.384057527655711328e-01 2.496778792107658129e-01 1.807883683268033392e-01
4.600000000000000533e+00 4.218068636521317138e-01 3.280730863237994455e-01 2.359756066819673481e-01 2.210124632283158586e-01 2.393858968910887730e-01 2.510069682601306917e-01 1.819792475042570912e-01
4.700000000000000178e+00 4.217006736313378412e-01 3.280755801947469741e-01 2.364518696886103444e-01 2.216341576470614583e-01 2.404082810499653666e-01 2.523939181065139592e-01 1.832210776724061685e-01
4.800000000000000711e+00 4.215864537168583781e-01 3.280752063271140662e-01 2.369444080895590499e-01 2.222784128880487819e-01 2.414696446618780079e-01 2.538344258292518640e-01 1.845098218216512931e-01
4.900000000000000355e+00 4.214637407316358941e-01 3.280713441505182515e-01 2.374512211350085222e-01 2.229428890582096923e-01 2.425665277258154118e-01 2.553239379267318587e-01 1.858411880223454493e-01
5.000000000000000000e+00 4.213340052774167677e-01 3.280647461885015104e-01 2.379707962652665154e-01 2.236252729359841096e-01 2.436946425249005566e-01 2.568564629013095901e-01 1.872100795041547749e-01
5.100000000000000533e+00 4.212154554108427651e-01 3.280683027044087874e-01 2.385074815189878739e-01 2.243255076404943038e-01 2.448457125832606274e-01 2.584178143741885370e-01 1.886083260907332193e-01
5.200000000000000178e+00 4.211070336222270116e-01 3.280801935916807244e-01 2.390541045832874356e-01 2.250350248741590786e-01 2.460067808215431473e-01 2.599908248454293469e-01 1.900199287535177528e-01
5.300000000000000711e+00 4.209992462214852682e-01 3.280915967501840114e-01 2.395948287185026004e-01 2.257370454130559756e-01 2.471558111746959552e-01 2.615476099580273384e-01 1.914168428572469161e-01
5.400000000000000355e+00 4.208892464908692288e-01 3.280996191106315130e-01 2.401233052957290337e-01 2.264245561034603782e-01 2.482830890977250349e-01 2.630756486816785422e-01 1.927868502627760883e-01
5.500000000000000000e+00 4.207772118432369091e-01 3.281040936256394702e-01 2.406376866782285462e-01 2.270952152267735058e-01 2.493848636846843214e-01 2.645698887828624724e-01 1.941253719375223841e-01
5.600000000000000533e+00 4.206643733913269512e-01 3.281057382274351064e-01 2.411372746897681441e-01 2.277477899352945701e-01 2.504586486166968107e-01 2.660267914455393679e-01 1.954294934784422400e-01
5.700000000000000178e+00 4.205513627259599430e-01 3.281048414846050587e-01 2.416211961089143045e-01 2.283810097630670499e-01 2.515021681771283379e-01 2.674432020668330856e-01 1.966964935982559726e-01
5.800000000000000711e+00 4.204398069296324536e-01 3.281024365962280087e-01 2.420890729888985349e-01 2.289939201685734227e-01 2.525131943011232338e-01 2.688158600696507472e-01 1.979238174645043258e-01
5.900000000000000355e+00 4.203301800004684563e-01 3.280987115346493677e-01 2.425400653259144335e-01 2.295853389412077228e-01 2.534896604926897834e-01 2.701419178467217574e-01 1.991089831732595905e-01
6.000000000000000000e+00 4.202239513386258341e-01 3.280945940248013448e-01 2.429737972761299436e-01 2.301543612795307892e-01 2.544294875672087342e-01 2.714183410438616439e-01 2.002496012935608694e-01
6.100000000000000533e+00 4.201221304998648542e-01 3.280906876099749514e-01 2.433897919816739308e-01 2.307000947138988234e-01 2.553308224430306805e-01 2.726424764525414157e-01 2.013435096715633366e-01
6.200000000000000178e+00 4.200256739338028567e-01 3.280874030407877617e-01 2.437865575919423156e-01 2.312204053680863847e-01 2.561898897543873344e-01 2.738091062317259961e-01 2.023861838356804110e-01
6.300000000000000711e+00 4.199363680758006478e-01 3.280848114327130638e-01 2.441568121744696618e-01 2.317057390321682342e-01 2.569909080111382194e-01 2.748967963475002496e-01 2.033584709188908379e-01
6.400000000000000355e+00 4.198532685861089409e-01 3.280810743270562990e-01 2.444927744891000621e-01 2.321467392951666042e-01 2.577196337148147665e-01 2.758866376511076579e-01 2.042428071359231045e-01
6.500000000000000000e+00 4.197762862318322741e-01 3.280755796333522656e-01 2.447908781274597267e-01 2.325390150864346528e-01 2.583692230711909232e-01 2.767694824068301362e-01 2.050307929020242226e-01
6.600000000000000533e+00 4.197064055696416163e-01 3.280689114467741918e-01 2.450506289586365793e-01 2.328816600128913172e-01 2.589378124116383795e-01 2.775426674949567074e-01 2.057202503715487851e-01
6.700000000000000178e+00 4.196446501008617158e-01 3.280617421874721940e-01 2.452719345236903381e-01 2.331742535948942985e-01 2.594242823265041076e-01 2.782045196203884463e-01 2.063099183226185240e-01
6.800000000000000711e+00 4.195922592155559294e-01 3.280549488000931158e-01 2.454550877331923564e-01 2.334167881792612309e-01 2.598280635226457580e-01 2.787540652045217282e-01 2.067992333584643405e-01
6.900000000000000355e+00 4.195501517393800950e-01 3.280491789177415463e-01 2.456002896397673496e-01 2.336092381521121530e-01 2.601487026924615420e-01 2.791905406282629287e-01 2.071877394806358463e-01
7.000000000000000000e+00 4.195196418578783781e-01 3.280454219333133192e-01 2.457082352685085458e-01 2.337520716051952607e-01 2.603863427401056918e-01 2.795139130970924479e-01 2.074757545020698424e-01
7.100000000000000533e+00 4.195014490370534976e-01 3.280441865086723974e-01 2.457790920412774027e-01 2.338452808594093102e-01 2.605406481171003152e-01 2.797236106554464308e-01 2.076629451508985036e-01
7.200000000000000178e+00 4.194969398708383035e-01 3.280465618027130770e-01 2.458139722022231188e-01 2.338898351536214670e-01 2.606125238145365897e-01 2.798206119066065090e-01 2.077505691805472676e-01
7.300000000000000711e+00 4.195062414937668627e-01 3.280525978478706084e-01 2.458126479611742465e-01 2.338854143182855228e-01 2.606014107335524188e-01 2.798041466077794137e-01 2.077379549816519289e-01
7.400000000000000355e+00 4.195196247163914260e-01 3.280546499471961863e-01 2.457679071379459679e-01 2.338259928513515551e-01 2.605022374014324127e-01 2.796690839557114949e-01 2.076178294857054518e-01
7.500000000000000000e+00 4.195362061445110369e-01 3.280521339624105637e-01 2.456798052143533417e-01 2.337119035470548167e-01 2.603159227631287598e-01 2.794168049550032618e-01 2.073912233676031280e-01
7.600000000000000533e+00 4.195633098466051147e-01 3.280511791565312585e-01 2.455561893839756371e-01 2.335506774548211928e-01 2.600509800198486654e-01 2.790574586130895041e-01 2.070693679368103834e-01
7.700000000000000178e+00 4.196019448897857496e-01 3.280525669780019471e-01 2.453977338771907990e-01 2.333428481152294010e-01 2.597077918777737082e-01 2.785913852349959918e-01 2.066528418692076818e-01
7.800000000000000711e+00 4.196515150135422534e-01 3.280560205571524390e-01 2.452052343729261841e-01 2.330895793804797778e-01 2.592884510278921084e-01 2.780214883506489376e-01 2.061441459127393849e-01
7.900000000000000355e+00 4.197122873556256573e-01 3.280616563685539999e-01 2.449782855058664499e-01 2.327902892665529022e-01 2.587919249697747115e-01 2.773463400173769022e-01 2.055420433027596305e-01
8.000000000000000000e+00 4.197826935478490840e-01 3.280686101150917522e-01 2.447181016192882252e-01 2.324469508162558817e-01 2.582220120801843044e-01 2.765712932431605986e-01 2.048510203105794458e-01
8.099999999999999645e+00 4.198633132220888076e-01 3.280770881474823764e-01 2.444235036567718733e-01 2.320579302546886269e-01 2.575758904435118679e-01 2.756924709966823150e-01 2.040676804172008030e-01
8.200000000000001066e+00 4.199523847343319405e-01 3.280861887528174203e-01 2.440963018465072409e-01 2.316259965279913735e-01 2.568586930878198893e-01 2.747170461728539737e-01 2.031981250854719701e-01
8.300000000000000711e+00 4.200500497823019819e-01 3.280959386776229891e-01 2.437360549030070100e-01 2.311505606546065683e-01 2.560694329470373787e-01 2.736436730525954597e-01 2.022411596356987196e-01
8.400000000000000355e+00 4.201551606179487197e-01 3.281057525513245698e-01 2.433439558828600080e-01 2.306334435755537371e-01 2.552114808136741186e-01 2.724770604303077270e-01 2.012007918065296108e-01
8.500000000000000000e+00 4.202644820778794199e-01 3.281136549763859489e-01 2.429212660516818223e-01 2.300771747031042647e-01 2.542902567686326498e-01 2.712250168253415583e-01 2.000833150459673526e-01
8.599999999999999645e+00 4.203714614881493561e-01 3.281157141273733369e-01 2.424709872906389285e-01 2.294874312528070448e-01 2.533176074580800186e-01 2.699045208722521405e-01 1.989025411760057260e-01
8.700000000000001066e+00 4.204792146403721897e-01 3.281151312075059612e-01 2.420002922735292328e-01 2.288721666979378899e-01 2.523046005839957306e-01 2.685298594146549589e-01 1.976723763911845677e-01
8.800000000000000711e+00 4.205916924480164187e-01 3.281160360208101312e-01 2.415187320263279813e-01 2.282420309610551090e-01 2.512661555795079327e-01 2.671203338412296846e-01 1.964115394091038858e-01
8.900000000000000355e+00 4.207092073332259208e-01 3.281190502092474759e-01 2.410289674907440949e-01 2.276002267856993833e-01 2.502071529308698694e-01 2.656824252094184824e-01 1.951260471906191285e-01
9.000000000000000000e+00 4.208296819928442623e-01 3.281227723049149336e-01 2.405309491669170852e-01 2.269473138132019896e-01 2.491294040575950108e-01 2.642189130440025790e-01 1.938178949358321246e-01
9.099999999999999645e+00 4.209522962904868049e-01 3.281267992408369305e-01 2.400256278382954245e-01 2.262847149472698993e-01 2.480355084342857619e-01 2.627334175728864851e-01 1.924901803690166613e-01
9.200000000000001066e+00 4.210751759253790194e-01 3.281298920017154952e-01 2.395131235011032367e-01 2.256131391032424882e-01 2.469274202179771172e-01 2.612288748073376965e-01 1.911450957054128541e-01
9.300000000000000711e+00 4.211971105168571539e-01 3.281313373151981128e-01 2.389940745876064643e-01 2.249337389260605835e-01 2.458074906707755636e-01 2.597086392041768055e-01 1.897853920301224018e-01
9.400000000000000355e+00 4.213163464242411504e-01 3.281299981138252053e-01 2.384687366467426461e-01 2.242473551732348525e-01 2.446778263846400292e-01 2.581758302875931665e-01 1.884134615253290623e-01
9.500000000000000000e+00 4.214315977679968794e-01 3.281251154252866065e-01 2.379377801269896842e-01 2.235552027169774303e-01 2.435409101241656493e-01 2.566339914549775614e-01 1.870322082931507035e-01
9.600000000000001421e+00 4.215433847369661757e-01 3.281176128441372630e-01 2.374049157581991920e-01 2.228617225769557175e-01 2.424034702085361426e-01 2.550920423395651726e-01 1.856499371263257703e-01
9.700000000000001066e+00 4.216637628299813589e-01 3.281188775848790651e-01 2.368914454724240226e-01 2.221896979758039292e-01 2.412958032971975475e-01 2.535884902663285700e-01 1.843050974610585535e-01
9.800000000000000711e+00 4.217892684911030421e-01 3.281270013096873051e-01 2.364000533302832718e-01 2.215434890279136537e-01 2.402263021753652250e-01 2.521351627711922450e-01 1.830076022372728040e-01
9.900000000000000355e+00 4.219102842113610086e-01 3.281354548457644515e-01 2.359302476296645246e-01 2.209253615684033945e-01 2.392028435512601192e-01 2.507442459412224101e-01 1.817660638582040411e-01
1.000000000000000000e+01 4.220232914766078869e-01 3.281419981712138667e-01 2.354828084571219671e-01 2.203373336689327944e-01 2.382301732823001172e-01 2.494226939212660088e-01 1.805859184808569218e-01
1.010000000000000142e+01 4.221277128939878165e-01 3.281464092211483496e-01 2.350588036793022084e-01 2.197809007032553996e-01 2.373108953046819680e-01 2.481740915146028181e-01 1.794702956432931429e-01
1.020000000000000107e+01 4.222232150706754505e-01 3.281486552798511536e-01 2.346594667094447362e-01 2.192576901716479232e-01 2.364477109751617345e-01 2.470021123456107304e-01 1.784224707933889653e-01
1.030000000000000071e+01 4.223095847168208405e-01 3.281487665324009373e-01 2.342859167488658689e-01 2.187691521972228437e-01 2.356429895702008559e-01 2.459099649435020629e-01 1.774453253116952123e-01
1.040000000000000036e+01 4.223866014681386116e-01 3.281467487655892468e-01 2.339391460824955249e-01 2.183165818052605345e-01 2.348988603991360169e-01 2.449005377590941779e-01 1.765414456320278380e-01
1.050000000000000000e+01 4.224540786455185382e-01 3.281426359134904658e-01 2.336201828107119516e-01 2.179013083166516374e-01 2.342174913901859945e-01 2.439767652041250900e-01 1.757134691873717403e-01
1.060000000000000142e+01 4.225118705473621672e-01 3.281364642667494169e-01 2.333298926841865517e-01 2.175244476989421083e-01 2.336006975701006017e-01 2.431411022125778698e-01 1.749636052311659418e-01
1.070000000000000107e+01 4.225601225207686329e-01 3.281285086239208448e-01 2.330694206061579288e-01 2.171873747070110217e-01 2.330505687978331464e-01 2.423963220469345647e-01 1.742944315240715358e-01
1.080000000000000071e+01 4.226076068322987545e-01 3.281263902243022890e-01 2.328499739253243050e-01 2.169013497447253302e-01 2.325808136283361305e-01 2.417592826406250173e-01 1.737237055992617574e-01
1.090000000000000036e+01 4.226548157865145927e-01 3.281308583532616674e-01 2.326742584565851257e-01 2.166695773691774407e-01 2.321962345063540711e-01 2.412363298860008831e-01 1.732573682675662974e-01
1.100000000000000000e+01 4.226925694600660588e-01 3.281349933832015120e-01 2.325373646062229294e-01 2.164887201252370386e-01 2.318957270537012616e-01 2.408275507320870590e-01 1.728930693859731249e-01
1.110000000000000142e+01 4.227162951369879407e-01 3.281353174639647929e-01 2.324366463611586275e-01 2.163568672687871675e-01 2.316783519153384763e-01 2.405324673472293562e-01 1.726291611225963529e-01
1.120000000000000107e+01 4.227264262863319466e-01 3.281323035104003472e-01 2.323732795972296705e-01 2.162753457939873836e-01 2.315459945205046721e-01 2.403535301519324485e-01 1.724680018939747095e-01
1.130000000000000071e+01 4.227240176348673883e-01 3.281267686216229329e-01 2.323479709302226082e-01 2.162447157087347971e-01 2.314990585374251397e-01 2.402910997297645346e-01 1.724102010289552400e-01
1.140000000000000036e+01 4.227101740486127746e-01 3.281196215088157953e-01 2.323618013671135685e-01 2.162659857950543218e-01 2.315386286360127666e-01 2.403464398864375295e-01 1.724572081470987506e-01
1.150000000000000000e+01 4.226858737817251188e-01 3.281115975594692813e-01 2.324152811840969612e-01 2.163394957126452134e-01 2.316647974289094969e-01 2.405195077842368911e-01 1.726092429506222437e-01
1.160000000000000142e+01 4.226525155532206979e-01 3.281038261655382371e-01 2.325096432551443937e-01 2.164663545227214769e-01 2.318786746627315154e-01 2.408115506888664215e-01 1.728678176919816178e-01
1.170000000000000107e+01 4.226109289108916367e-01 3.280968297118028731e-01 2.326446666081966874e-01 2.166460405327040040e-01 2.321790694672062338e-01 2.412208327060631485e-01 1.732315624955312050e-01
1.180000000000000071e+01 4.225628743830846523e-01 3.280920519174781447e-01 2.328220463070127533e-01 2.168801271690119770e-01 2.325676568895813923e-01 2.417492962619146035e-01 1.737027218896001202e-01
1.190000000000000036e+01 4.225091557381520646e-01 3.280899212625423278e-01 2.330410666219267513e-01 2.171674875841433927e-01 2.330423089449654706e-01 2.423939551835967432e-01 1.742787743791978372e-01
1.200000000000000000e+01 4.224308558046601658e-01 3.280744379040004266e-01 2.332803696431410834e-01 2.174873203389279808e-01 2.335789212025086992e-01 2.431257629456426150e-01 1.749281169878557640e-01
1.210000000000000142e+01 4.223227637950754954e-01 3.280404827295870795e-01 2.335294745165897023e-01 2.178282003312692061e-01 2.341619254795339611e-01 2.439247644300276130e-01 1.756310989565464387e-01
1.220000000000000107e+01 4.221885291893783254e-01 3.279904913804965183e-01 2.337882970117341197e-01 2.181889323041618645e-01 2.347878069628631381e-01 2.447856313653790084e-01 1.763838074955133006e-01
1.230000000000000071e+01 4.220288184079298288e-01 3.279247730452741205e-01 2.340559461496992955e-01 2.185682133839237096e-01 2.354542234688009050e-01 2.457051142181163605e-01 1.771834436145511560e-01
1.240000000000000036e+01 4.218439938315812210e-01 3.278434250747450651e-01 2.343314803375429745e-01 2.189647688856665442e-01 2.361590137176690085e-01 2.466802575133978936e-01 1.780273970996174571e-01
1.250000000000000000e+01 4.216343223682438301e-01 3.277464651914042681e-01 2.346138574320960346e-01 2.193772281111858180e-01 2.368999088385863316e-01 2.477079780079084470e-01 1.789129154777440722e-01
1.260000000000000142e+01 4.214001515883377125e-01 3.276339657964043584e-01 2.349020388856477848e-01 2.198042007039874568e-01 2.376745728720854878e-01 2.487850888790114345e-01 1.798371727852222657e-01
1.270000000000000107e+01 4.211419099088770102e-01 3.275060538978659674e-01 2.351949884852504447e-01 2.202442750326243925e-01 2.384806001528831376e-01 2.499082961892233612e-01 1.807972663790826107e-01
1.280000000000000071e+01 4.208600450476288057e-01 3.273628594616380671e-01 2.354916054833549599e-01 2.206959537565420237e-01 2.393154419701763735e-01 2.510741111900425260e-01 1.817901203495602136e-01
1.290000000000000036e+01 4.205552572091305619e-01 3.272046981045196312e-01 2.357908940187901647e-01 2.211577939844171503e-01 2.401765214422984518e-01 2.522789643560717221e-01 1.828126516535096280e-01
1.300000000000000000e+01 4.202285518846140544e-01 3.270320883835924342e-01 2.360918459773733713e-01 2.216282463892595700e-01 2.410609575544902794e-01 2.535188269027111030e-01 1.838614375387739308e-01
1.310000000000000142e+01 4.198903280416602657e-01 3.268523440913210787e-01 2.363966340759210971e-01 2.221068938278274174e-01 2.419634204231564945e-01 2.547847893390704499e-01 1.849310725985791604e-01
1.320000000000000107e+01 4.195638598025441257e-01 3.266820676570681981e-01 2.367116278075412916e-01 2.225946690421293228e-01 2.428749070419859990e-01 2.560608285760456737e-01 1.860130457985910701e-01
1.330000000000000071e+01 4.192612527663979183e-01 3.265298428839191192e-01 2.370398066375865587e-01 2.230916440617645990e-01 2.437900870161048839e-01 2.573377433847680584e-01 1.871021363210798039e-01
1.340000000000000036e+01 4.189851319240637251e-01 3.263973436566729447e-01 2.373806061117364197e-01 2.235963350170221964e-01 2.447054537361781079e-01 2.586103911968256064e-01 1.881943302486238923e-01
1.350000000000000000e+01 4.187372224819982391e-01 3.262856270820281290e-01 2.377333774827730950e-01 2.241074225915689333e-01 2.456181631551202504e-01 2.598746699804126981e-01 1.892863282568703065e-01
1.360000000000000142e+01 4.185174632891233149e-01 3.261944112186344058e-01 2.380965648674794044e-01 2.246229977773762931e-01 2.465252500018886850e-01 2.611266200506737745e-01 1.903744885431061518e-01
1.370000000000000107e+01 4.183269348125358000e-01 3.261242889857569049e-01 2.384693155120244379e-01 2.251416812816850743e-01 2.474240661126994034e-01 2.623625115937133212e-01 1.914556819472721938e-01
1.380000000000000071e+01 4.181650318311877501e-01 3.260745720930692815e-01 2.388498068325921042e-01 2.256613963678235635e-01 2.483116279094914058e-01 2.635784532010766457e-01 1.925261851774788535e-01
1.390000000000000036e+01 4.180333095816621825e-01 3.260462129508855944e-01 2.392374504539331037e-01 2.261809493109986913e-01 2.491853646635092956e-01 2.647707377658988781e-01 1.935830155276939690e-01
1.400000000000000000e+01 4.179298434324031919e-01 3.260375452410215757e-01 2.396298248078507498e-01 2.266979158112214232e-01 2.500423411953829333e-01 2.659357636950475112e-01 1.946223658468044515e-01
1.410000000000000142e+01 4.178573926940563066e-01 3.260504223555532599e-01 2.400269427053710602e-01 2.272114869114406077e-01 2.508800485647054712e-01 2.670697012622859634e-01 1.956414598506605040e-01
1.420000000000000107e+01 4.178159252535552648e-01 3.260845401053505399e-01 2.404269787483169774e-01 2.277194110726589171e-01 2.516949714547573880e-01 2.681678493906469174e-01 1.966359845794737327e-01
1.430000000000000071e+01 4.178180330002227993e-01 3.261486542196713190e-01 2.408319155010777979e-01 2.282203800894404833e-01 2.524793970029636792e-01 2.692177341024903359e-01 1.975978512915865237e-01
1.440000000000000036e+01 4.178638754296615798e-01 3.262424458881460487e-01 2.412390028324095104e-01 2.287109396704191389e-01 2.532278381703231829e-01 2.702119817627384735e-01 1.985203506607470247e-01
1.450000000000000000e+01 4.179551381833203072e-01 3.263662337732015639e-01 2.416429943242048295e-01 2.291840871467967222e-01 2.539285588612456568e-01 2.711345917862842403e-01 1.993892781853425222e-01
1.460000000000000142e+01 4.180912776295108157e-01 3.265193397945694853e-01 2.420418664453814206e-01 2.296374784559949700e-01 2.545781287147919070e-01 2.719810640766763266e-01 2.002003695403839489e-01
1.470000000000000107e+01 4.182727043256145860e-01 3.267018692589284123e-01 2.424345202195826998e-01 2.300696295596111884e-01 2.551740365833242152e-01 2.727479665150546184e-01 2.009505908323921397e-01
1.480000000000000071e+01 4.184984804686828763e-01 3.269130400681625193e-01 2.428199684092570698e-01 2.304795978894303987e-01 2.557152264804979924e-01 2.734340452079124795e-01 2.016385457362593892e-01
1.490000000000000036e+01 4.187685381783032845e-01 3.271526445301397024e-01 2.431971638178377082e-01 2.308661065640651988e-01 2.561997271513374308e-01 2.740366724767533957e-01 2.022618102967932430e-01
1.500000000000000000e+01 4.190822277443359001e-01 3.274201090266035674e-01 2.435652172380263214e-01 2.312282483282590007e-01 2.566264084281856261e-01 2.745544459767981782e-01 2.028189285148908616e-01
1.510000000000000142e+01 4.194389132634729900e-01 3.277148527084989826e-01 2.439231329340060817e-01 2.315649798416446470e-01 2.569939205933430837e-01 2.749856670595535735e-01 2.033081767404774087e-01
1.520000000000000107e+01 4.198375013965980340e-01 3.280360045013466230e-01 2.442700230192725031e-01 2.318755280967179089e-01 2.573015434194746986e-01 2.753295578948713462e-01 2.037285533800942128e-01
1.530000000000000071e+01 4.202763785054962620e-01 3.283822403291594694e-01 2.446043286020041785e-01 2.321584444354632681e-01 2.575477314102427306e-01 2.755843244575161277e-01 2.040779886652019370e-01
1.540000000000000036e+01 4.207404707569594171e-01 3.287418446422402662e-01 2.449157067009773148e-01 2.324054228484850604e-01 2.577262411564749667e-01 2.757441783627978538e-01 2.043471927955700373e-01
1.550000000000000000e+01 4.212216375038476679e-01 3.291084126709389324e-01 2.451980693164737268e-01 2.326113555123742738e-01 2.578327255454468947e-01 2.758046877174449296e-01 2.045299531054116937e-01
1.560000000000000142e+01 4.217067484665170118e-01 3.294715512213086117e-01 2.454411916160442741e-01 2.327675017935389723e-01 2.578593858797531002e-01 2.757576503485912323e-01 2.046152840737600620e-01
1.570000000000000107e+01 4.221889650490608936e-01 3.298258782892607432e-01 2.456399487388787883e-01 2.328695577027412311e-01 2.578025497532441257e-01 2.755993156523995902e-01 2.045979414746946223e-01
1.580000000000000071e+01 4.226669229289475860e-01 3.301703999716271709e-01 2.457938337913190829e-01 2.329173031756474888e-01 2.576624856406463659e-01 2.753302757569031090e-01 2.044781063690280509e-01
1.590000000000000036e+01 4.231394443928374605e-01 3.305043082174701219e-01 2.459027315355322152e-01 2.329109475136820484e-01 2.574400512276215358e-01 2.749518798424113730e-01 2.042567023914453050e-01
1.600000000000000000e+01 4.236055309534079161e-01 3.308269187269966549e-01 2.459665493137520587e-01 2.328506744133279072e-01 2.571359834692751312e-01 2.744652848809843171e-01 2.039345246222830088e-01
1.610000000000000142e+01 4.240642563378473340e-01 3.311376654652687934e-01 2.459856453325224290e-01 2.327372044743487023e-01 2.567518285570042913e-01 2.738727189915722282e-01 2.035133680329044847e-01
1.619999999999999929e+01 4.245145949458852264e-01 3.314358839829392167e-01 2.459601726243133557e-01 2.325710338368310315e-01 2.562888254577677105e-01 2.731760158989754439e-01 2.029946401843251147e-01
1.630000000000000071e+01 4.249556686591021704e-01 3.317210544976710862e-01 2.458905794413496770e-01 2.323529802464562866e-01 2.557486510066711571e-01 2.723775704247659579e-01 2.023803014318681925e-01
1.640000000000000213e+01 4.253863800396936456e-01 3.319925222013793698e-01 2.457773923785695758e-01 2.320840240527712872e-01 2.551333355718261586e-01 2.714802881287098346e-01 2.016727217296805375e-01
1.650000000000000000e+01 4.257939972673418505e-01 3.322412696235227947e-01 2.456175448267700345e-01 2.317641724732451558e-01 2.544486153664911043e-01 2.704940203753234407e-01 2.008775514317886479e-01
1.660000000000000142e+01 4.261682155154071228e-01 3.324601122865401548e-01 2.454092912838073681e-01 2.313943437050138274e-01 2.537005634498907258e-01 2.694286556163291713e-01 2.000011172309401619e-01
1.669999999999999929e+01 4.265031145747709140e-01 3.326452846132947339e-01 2.451539666368544590e-01 2.309779609826558833e-01 2.528972084938760911e-01 2.682959528511422720e-01 1.990526190820026131e-01
1.680000000000000071e+01 4.267944159331799603e-01 3.327941314959310670e-01 2.448529635341084587e-01 2.305180283460955548e-01 2.520451838017894186e-01 2.671055228822299954e-01 1.980397245072342272e-01
1.690000000000000213e+01 4.270407876447582796e-01 3.329059110099670260e-01 2.445072621454177919e-01 2.300161580927725657e-01 2.511476158989258134e-01 2.658617788754246702e-01 1.969661218043157747e-01
1.700000000000000000e+01 4.272413037706782046e-01 3.329801372488783717e-01 2.441177367260667919e-01 2.294737099571832195e-01 2.502070528033520369e-01 2.645682902088241084e-01 1.958348341338174148e-01
1.710000000000000142e+01 4.273958531132093785e-01 3.330169885932877660e-01 2.436860211744090177e-01 2.288927411047816385e-01 2.492267695508622039e-01 2.632294606949702742e-01 1.946498643387585270e-01
1.719999999999999929e+01 4.275034481663796959e-01 3.330159180908554006e-01 2.432128622824624997e-01 2.282744717840249349e-01 2.482091231699344314e-01 2.618486145014708444e-01 1.934139947612653065e-01
1.730000000000000071e+01 4.275642300798158657e-01 3.329772995491850907e-01 2.427000625759510866e-01 2.276210926078568453e-01 2.471574844344139321e-01 2.604302405857306102e-01 1.921313729974730156e-01
1.740000000000000213e+01 4.275778876732804212e-01 3.329011378999503501e-01 2.421490023529641322e-01 2.269344063843469483e-01 2.460748195445932318e-01 2.589783633751140957e-01 1.908056015812250039e-01
1.750000000000000000e+01 4.275446943056575022e-01 3.327879104185197945e-01 2.415615794617578804e-01 2.262166822827658685e-01 2.449645629794658386e-01 2.574975345726500109e-01 1.894409205539569485e-01
1.760000000000000142e+01 4.274672845035764057e-01 3.326405281749129639e-01 2.409451782808152143e-01 2.254762798790375111e-01 2.438386354936538103e-01 2.560032652251125751e-01 1.880522296487544265e-01
1.769999999999999929e+01 4.273522800835257707e-01 3.324655480556955034e-01 2.403134508310887096e-01 2.247281306389182776e-01 2.427174677522744295e-01 2.545217800438945854e-01 1.866652937430269554e-01
1.780000000000000071e+01 4.272066196285673745e-01 3.322696245904635526e-01 2.396793070896182931e-01 2.239861521618263518e-01 2.416197585387677982e-01 2.530769309530131461e-01 1.853037889546130246e-01
1.790000000000000213e+01 4.270388323973519640e-01 3.320605215908701835e-01 2.390559282191777879e-01 2.232641224752999198e-01 2.405632725768778735e-01 2.516910480135693962e-01 1.839904189563060233e-01
1.800000000000000000e+01 4.268503213505616678e-01 3.318397950577264832e-01 2.384472838953831664e-01 2.225665394752959769e-01 2.395544304104111621e-01 2.503724882372099225e-01 1.827332070395129293e-01
1.810000000000000142e+01 4.266416160642111932e-01 3.316080558268073575e-01 2.378550242698825312e-01 2.218952889172623177e-01 2.385959502285715239e-01 2.491248006117989244e-01 1.815355429427700784e-01
1.819999999999999929e+01 4.264130998878882250e-01 3.313657953408898904e-01 2.372806620623981178e-01 2.212521300290856974e-01 2.376904176133703417e-01 2.479513815191915493e-01 1.804006379701152130e-01
1.830000000000000071e+01 4.261649213114875878e-01 3.311133068437553395e-01 2.367254476828068444e-01 2.206385673182794382e-01 2.368401244248803383e-01 2.468552741392150973e-01 1.793313178592118584e-01
1.840000000000000213e+01 4.258974824072004894e-01 3.308510577616723403e-01 2.361906576129317870e-01 2.200560617859093071e-01 2.360471802937694208e-01 2.458392344235419136e-01 1.783302124707734082e-01
1.850000000000000000e+01 4.256111289807373854e-01 3.305794576429438303e-01 2.356774383608168377e-01 2.195059302527053446e-01 2.353134941183714912e-01 2.449057591650914412e-01 1.773996994785708714e-01
1.860000000000000142e+01 4.253063020750392220e-01 3.302989765522372223e-01 2.351869145746949552e-01 2.189894339926748978e-01 2.346408448922748247e-01 2.440571549891519809e-01 1.765420076402016425e-01
1.869999999999999929e+01 4.249838012748760052e-01 3.300103635885696107e-01 2.347204593183824517e-01 2.185080348175924558e-01 2.340311647744672263e-01 2.432958724429678810e-01 1.757595923923289671e-01
1.880000000000000071e+01 4.246496855217851696e-01 3.297187139667095424e-01 2.342847237739299482e-01 2.180681604435601717e-01 2.334918061291536839e-01 2.426307220817185972e-01 1.750621246579269763e-01
1.890000000000000213e+01 4.243231108389009520e-01 3.294399976894198945e-01 2.338998381089322232e-01 2.176890200949197773e-01 2.330442698583979899e-01 2.420872239087623612e-01 1.744780416339521967e-01
1.900000000000000000e+01 4.240119634667273152e-01 3.291809003666101852e-01 2.335748065118725958e-01 2.173794099547602388e-01 2.326987997417815646e-01 2.416777480774505993e-01 1.740207571803891740e-01
1.910000000000000142e+01 4.237189668695379163e-01 3.289437351852667057e-01 2.333127666368497721e-01 2.171424025547520065e-01 2.324589879995325736e-01 2.414066396384562663e-01 1.736949706187123632e-01
1.920000000000000284e+01 4.234450039885993555e-01 3.287292101895426533e-01 2.331144651901990716e-01 2.169786589142781441e-01 2.323254739002534319e-01 2.412746039104785301e-01 1.735015614600922129e-01
1.930000000000000071e+01 4.231909992925914632e-01 3.285381023665052136e-01 2.329809141824499275e-01 2.168891562740235257e-01 2.322993737823994542e-01 2.412829778647417600e-01 1.734419985689813481e-01
1.940000000000000213e+01 4.229572389113130937e-01 3.283705487517417088e-01 2.329117587393086108e-01 2.168733695164929698e-01 2.323797357558386734e-01 2.414304382463640652e-01 1.735151460631473852e-01
1.950000000000000000e+01 4.227447151803501169e-01 3.282273901195156274e-01 2.329081287403541312e-01 2.169324016008070954e-01 2.325678427323231989e-01 2.417185334724305801e-01 1.737226843769170137e-01
1.960000000000000142e+01 4.225534486720409211e-01 3.281084872582643031e-01 2.329690359641128639e-01 2.170650222578823507e-01 2.328617567583493309e-01 2.421446653658361481e-01 1.740622399793496089e-01
1.970000000000000284e+01 4.223844551174802397e-01 3.280146828401848680e-01 2.330955211671127125e-01 2.172722170557573607e-01 2.332625661908360182e-01 2.427101178700207806e-01 1.745352573363992132e-01
1.980000000000000071e+01 4.222373738341562710e-01 3.279454496734169888e-01 2.332857425261407047e-01 2.175518123271167614e-01 2.337670255353125337e-01 2.434106072001470111e-01 1.751377186083480364e-01
1.990000000000000213e+01 4.221135160562226596e-01 3.279018331580539902e-01 2.335407695688002383e-01 2.179047409458365059e-01 2.343760076658484293e-01 2.442470784001688766e-01 1.758708361678893439e-01
2.000000000000000000e+01 4.220094910732624105e-01 3.278797719732584048e-01 2.338490660098234419e-01 2.183177263709135951e-01 2.350702234808334512e-01 2.451942841229735881e-01 1.767105952585407147e-01
2.010000000000000142e+01 4.219205830899955267e-01 3.278753333630846645e-01 2.342056679132746566e-01 2.187860293947027635e-01 2.358443637553954697e-01 2.462459202485202392e-01 1.776499754374776252e-01
2.020000000000000284e+01 4.218334560290779578e-01 3.278768258761134979e-01 2.345928576572286761e-01 2.192916895107996922e-01 2.366762682581960708e-01 2.473745914680853253e-01 1.786603628490284201e-01
2.030000000000000071e+01 4.217392919822855468e-01 3.278768719756355865e-01 2.350011995860758207e-01 2.198256545721332111e-01 2.375557108597645684e-01 2.485681101485972821e-01 1.797282641594942776e-01
2.040000000000000213e+01 4.216403364272224841e-01 3.278769800548144153e-01 2.354307050027121262e-01 2.203872673509209568e-01 2.384806515333871835e-01 2.498233620089400642e-01 1.808514221675829869e-01
2.050000000000000000e+01 4.215369567996476441e-01 3.278772849254209532e-01 2.358806523448705450e-01 2.209755242053642876e-01 2.394493516429431479e-01 2.511379565771567068e-01 1.820277453323405348e-01
2.060000000000000142e+01 4.214310297418815132e-01 3.278790193773075679e-01 2.363508712636246956e-01 2.215896531477984932e-01 2.404597570995047617e-01 2.525088236467900593e-01 1.832549191847797077e-01
2.070000000000000284e+01 4.213231647087050113e-01 3.278824802139753136e-01 2.368406376442021566e-01 2.222285750291406459e-01 2.415099020690268106e-01 2.539332272827384829e-01 1.845305999245467898e-01
2.080000000000000071e+01 4.212151185396036945e-01 3.278887931694490221e-01 2.373496088810757854e-01 2.228913402978381642e-01 2.425975079638725274e-01 2.554078171353519888e-01 1.858521848647707309e-01
2.090000000000000213e+01 4.211076532156340924e-01 3.278983414596556845e-01 2.378769579925283650e-01 2.235766967886519963e-01 2.437202691272631339e-01 2.569293762786859503e-01 1.872169301650192796e-01
2.100000000000000000e+01 4.210024046313416424e-01 3.279121327975793032e-01 2.384221042485529241e-01 2.242834361363655604e-01 2.448755556104525166e-01 2.584941045623592726e-01 1.886217892742440561e-01
2.110000000000000142e+01 4.208876070303109729e-01 3.279192969192089024e-01 2.389658288052099455e-01 2.249912688485756485e-01 2.460368499121758368e-01 2.600685050511103436e-01 1.900329771226457187e-01
2.120000000000000284e+01 4.207597983883528125e-01 3.279159152919253195e-01 2.394978265774887760e-01 2.256884648014031713e-01 2.471873193282703440e-01 2.616306313577768661e-01 1.914294825453530524e-01
2.130000000000000071e+01 4.206299993055597208e-01 3.279096204628102473e-01 2.400196351648902493e-01 2.263736343043095678e-01 2.483198297858534853e-01 2.631690524009309140e-01 1.928037558193628209e-01
2.140000000000000213e+01 4.205058751992563071e-01 3.279056617792093786e-01 2.405319397939499892e-01 2.270453347712226566e-01 2.494286729545254766e-01 2.646748181853109116e-01 1.941496309304394097e-01
2.150000000000000000e+01 4.203883571166225908e-01 3.279044314795330761e-01 2.410332391332867252e-01 2.277014281754034530e-01 2.505100783840002454e-01 2.661427217832739167e-01 1.954625866760988095e-01
2.160000000000000142e+01 4.202772809982655566e-01 3.279055397466324462e-01 2.415217265378505340e-01 2.283397256495547922e-01 2.515606883385369530e-01 2.675682956008396673e-01 1.967384889574643747e-01
2.170000000000000284e+01 4.201725461462020306e-01 3.279086508218533869e-01 2.419956699242611087e-01 2.289581117463490578e-01 2.525772316928592276e-01 2.689471771983960591e-01 1.979733167290397278e-01
2.180000000000000071e+01 4.200738810212681917e-01 3.279133074352169608e-01 2.424532927602806032e-01 2.295544670278824861e-01 2.535565078848427412e-01 2.702751277469541691e-01 1.991631169087543229e-01
2.190000000000000213e+01 4.199811782714897856e-01 3.279192004383484349e-01 2.428930636545444666e-01 2.301269266350118581e-01 2.544956416303817415e-01 2.715483159217298992e-01 2.003043529960559788e-01
2.200000000000000000e+01 4.198941441221900606e-01 3.279258645026427166e-01 2.433132503834105342e-01 2.306734326620646369e-01 2.553915388302034351e-01 2.727626492258014013e-01 2.013932000099776243e-01
2.210000000000000142e+01 4.198125188458210477e-01 3.279328888018201438e-01 2.437123251798634371e-01 2.311921702882412943e-01 2.562414711618303254e-01 2.739145190834955113e-01 2.024262850753451026e-01
2.220000000000000284e+01 4.197342997702640521e-01 3.279379232807809186e-01 2.440837888505664743e-01 2.316756875480851241e-01 2.570346566239973818e-01 2.749898313331031741e-01 2.033901730456821322e-01
2.230000000000000071e+01 4.196575133769103738e-01 3.279384262034912845e-01 2.444197779309365826e-01 2.321148338254385435e-01 2.577576371176237280e-01 2.759709038927606883e-01 2.042681512736950478e-01
2.240000000000000213e+01 4.195869341505211181e-01 3.279375729651957672e-01 2.447201107479643478e-01 2.325079568686129472e-01 2.584056755336328615e-01 2.768505801339776196e-01 2.050549306339785327e-01
2.250000000000000000e+01 4.195275920357383059e-01 3.279387278997410449e-01 2.449847188642949314e-01 2.328534683287445672e-01 2.589740200756946997e-01 2.776216401971330905e-01 2.057452317201510228e-01
2.260000000000000142e+01 4.194797085020544047e-01 3.279418526771369358e-01 2.452123950309409994e-01 2.331498065721213653e-01 2.594601229732527714e-01 2.782806351775705123e-01 2.063359552210321524e-01
2.270000000000000284e+01 4.194423238400452614e-01 3.279460524128650079e-01 2.454015185262235221e-01 2.333952508759966349e-01 2.598617181709257928e-01 2.788246947921176333e-01 2.068242189939525910e-01
2.280000000000000071e+01 4.194144944370198358e-01 3.279504774226056907e-01 2.455506907939091210e-01 2.335883509043997774e-01 2.601769562629945853e-01 2.792515038523358806e-01 2.072076534196710118e-01
2.290000000000000213e+01 4.193950819439985489e-01 3.279541420995342182e-01 2.456584793021649171e-01 2.337276724469487255e-01 2.604041006876721687e-01 2.795589314640308243e-01 2.074840060816886544e-01
2.300000000000000000e+01 4.193832734589643119e-01 3.279563195302894196e-01 2.457237119776075340e-01 2.338120066415180220e-01 2.605416218253802652e-01 2.797450682992295157e-01 2.076513135766052121e-01
2.310000000000000142e+01 4.193774851408726412e-01 3.279557829172692895e-01 2.457453290635825682e-01 2.338405142065425046e-01 2.605889161059408154e-01 2.798093763680929991e-01 2.077086640897917169e-01
2.320000000000000284e+01 4.193771352168221278e-01 3.279519821632695398e-01 2.457222988648867235e-01 2.338120910774977579e-01 2.605445142739992170e-01 2.797499877451544159e-01 2.076541933029520393e-01
2.330000000000000071e+01 4.193846945363816636e-01 3.279470450742218990e-01 2.456576564466962931e-01 2.337297582209462432e-01 2.604120412996382417e-01 2.795713344104760467e-01 2.074926132705038062e-01
2.340000000000000213e+01 4.194133032399434136e-01 3.279517885367729257e-01 2.455643202602370567e-01 2.336055899345040598e-01 2.602045176592220344e-01 2.792886081406955046e-01 2.072413120335250825e-01
2.350000000000000000e+01 4.194585479342407552e-01 3.279629109198017312e-01 2.454400919753433885e-01 2.334381823977168535e-01 2.599217270662672608e-01 2.789022720279558665e-01 2.068995454705575554e-01
2.360000000000000142e+01 4.195120127433336621e-01 3.279739143676975721e-01 2.452794750702677884e-01 2.332232427293566834e-01 2.595607237570932702e-01 2.784098173420291311e-01 2.064627889789023563e-01
2.370000000000000284e+01 4.195711399191668911e-01 3.279829703545111275e-01 2.450817438898284517e-01 2.329606366274774021e-01 2.591224472839373516e-01 2.778129382267203740e-01 2.059319167833852382e-01
2.380000000000000071e+01 4.196357526390242509e-01 3.279899564683561586e-01 2.448468740890289708e-01 2.326503867923791491e-01 2.586070127430749599e-01 2.771118189368413920e-01 2.053070507920357057e-01
2.390000000000000213e+01 4.197054074850308791e-01 3.279947399812837561e-01 2.445759299439905776e-01 2.322939441017618512e-01 2.580168940716458525e-01 2.763098473753322626e-01 2.045911757152213684e-01
