1.103054900608917560e-01 9.533293386404295688e-02 8.990547318454171488e-02 1.873002124909020627e-01
1.100936631780895930e-01 9.543567715178068178e-02 9.016181749256887978e-02 1.876526023116935060e-01
1.400493025410765868e-01 8.924334419294484289e-02 7.714680042155230844e-02 1.220278057965516472e-01
1.314527431838899973e-01 8.674929079372260821e-02 6.897803905701548055e-02 1.489504244519634368e-01
1.331772607307540879e-01 8.735428617745880087e-02 7.090847021289278795e-02 1.433513349682469795e-01
1.517832633127930431e-01 8.687782451546306739e-02 7.221613639005983187e-02 9.620802539688377841e-02
1.610345214910781364e-01 8.572523261841578923e-02 7.031427503444392935e-02 7.450186667062450030e-02
1.606817947093790444e-01 8.594431031463110882e-02 7.087488968927306565e-02 7.499775071390352155e-02
1.474865926539859207e-01 8.918041607974268314e-02 7.802492739759309126e-02 1.029418868860957764e-01
1.339048091157127029e-01 9.065561159649007661e-02 8.021246981058849368e-02 1.352196025558869419e-01
1.309930621810909412e-01 9.128748358473826041e-02 8.156106899897451468e-02 1.415417050537083055e-01
