1.103054900608917560e-01 9.533293386404295688e-02 8.990547318454171488e-02 1.873002124909020627e-01
1.052110452942160435e-01 9.642263468882310284e-02 9.222087716396097645e-02 1.983914671959611242e-01
1.260394551618736203e-01 9.274564900288642666e-02 8.492335017960456200e-02 1.515713735712220511e-01
1.405327396505578197e-01 8.824629961643797038e-02 7.443647295483370174e-02 1.226679305683777838e-01
1.321524216676503993e-01 8.675303068035183918e-02 6.908757346395133503e-02 1.471365802076342877e-01
1.288828055441940124e-01 8.712379426594898946e-02 6.965775888613963407e-02 1.548773610539149470e-01
1.415976988759032607e-01 8.732711714440810624e-02 7.202552466865068392e-02 1.216589289677698776e-01
1.530176313612870709e-01 8.679962947442429466e-02 7.217305460512316029e-02 9.316865899389424610e-02
1.601397548963292838e-01 8.592126028933408377e-02 7.073386697327853356e-02 7.644110406194053187e-02
1.626053862012473150e-01 8.546038412585081623e-02 6.979864736845568796e-02 7.094711241310208694e-02
1.574339360101904284e-01 8.696410207054505737e-02 7.325702744324799620e-02 8.145303084136838734e-02
1.462948220882371864e-01 8.936056878821413418e-02 7.835820376853436242e-02 1.056781380808109877e-01
1.358015428121579216e-01 9.065195953651467020e-02 8.047096834680939059e-02 1.303286364591148550e-01
1.325033723363222005e-01 9.033600696905914884e-02 7.912320055373210648e-02 1.394438539388931919e-01
1.275677948596690980e-01 9.220793993367892849e-02 8.364122419409500409e-02 1.486432527042658158e-01
