1.336913190796107098e-01 9.241787010264559954e-02 8.509372115484115096e-02 1.324330175699171275e-01
9.108245791723756923e-02 9.656527385529774243e-02 9.061706973173878910e-02 2.346051597532944066e-01
1.025774044887499264e-01 9.673597094822321274e-02 9.272109754402603488e-02 2.045987588814184577e-01
1.525875319097094174e-01 8.779128694298846125e-02 7.487592337304797840e-02 9.240100551227176107e-02
1.141846170416077055e-01 8.734983636435278420e-02 6.820571373047377983e-02 1.924039464056928606e-01
1.264966339082733982e-01 8.706067486408551603e-02 6.914383523293426981e-02 1.611586604147827173e-01
1.443865646820548521e-01 8.784636090321709667e-02 7.386772978365790943e-02 1.134738233638892813e-01
1.614739165176761193e-01 8.549493667479377002e-02 6.973467139569017315e-02 7.380342995366499792e-02
1.626802669943129553e-01 8.549977920065332526e-02 6.991905024014612169e-02 7.067913201623297892e-02
1.531160022417089595e-01 8.672090784194202984e-02 7.196758839571416877e-02 9.306374434453375255e-02
1.250414410238462892e-01 9.195850405767475033e-02 8.258817109853200389e-02 1.556394407010451286e-01
1.235010679308022330e-01 8.986112501345686066e-02 7.652448490672854320e-02 1.635897264865245893e-01
