# LAT_S =-0.5857506
# LON_S =267.6066184
# LAT_O =1.680837
# LON_O =210.1242232

# apparent albedo ( time x band )
0.000000000000000000e+00 4.475661025968464268e-01 4.405934964823370326e-01 4.336208903678276383e-01 4.266482842533182440e-01 4.196756781388087942e-01 4.127030720242993445e-01 4.057304659097899502e-01
1.000000000000000000e+00 4.753345995021020509e-01 4.666298895927181722e-01 4.579251796833342381e-01 4.492204697739502484e-01 4.405157598645663142e-01 4.318110499551823245e-01 4.231063400457983903e-01
2.000000000000000000e+00 5.058791515722141918e-01 4.952695271213301553e-01 4.846599026704461188e-01 4.740502782195619713e-01 4.634406537686778793e-01 4.528310293177938983e-01 4.422214048669097508e-01
3.000000000000000000e+00 5.214710990491825404e-01 5.098808005556332290e-01 4.982905020620839176e-01 4.867002035685346062e-01 4.751099050749851838e-01 4.635196065814358724e-01 4.519293080878865054e-01
4.000000000000000000e+00 5.135415020768351324e-01 5.024418784962122464e-01 4.913422549155891939e-01 4.802426313349661968e-01 4.691430077543430333e-01 4.580433841737200917e-01 4.469437605930971502e-01
5.000000000000000000e+00 4.865058029075144952e-01 4.770921086114275345e-01 4.676784143153405182e-01 4.582647200192534465e-01 4.488510257231664302e-01 4.394373314270795250e-01 4.300236371309924532e-01
6.000000000000000000e+00 4.557975072769733238e-01 4.482998168506998615e-01 4.408021264244263993e-01 4.333044359981528815e-01 4.258067455718793637e-01 4.183090551456059569e-01 4.108113647193324391e-01
7.000000000000000000e+00 4.388393861830563458e-01 4.324069565226592027e-01 4.259745268622620040e-01 4.195420972018648609e-01 4.131096675414677177e-01 4.066772378810704636e-01 4.002448082206733759e-01
8.000000000000000000e+00 4.449942028413229611e-01 4.381745609324020907e-01 4.313549190234812758e-01 4.245352771145605164e-01 4.177156352056395905e-01 4.108959932967186646e-01 4.040763513877978497e-01
9.000000000000000000e+00 4.709053801685849638e-01 4.624603656871983381e-01 4.540153512058117680e-01 4.455703367244250312e-01 4.371253222430384056e-01 4.286803077616518354e-01 4.202352932802652652e-01
1.000000000000000000e+01 5.020220071936966066e-01 4.916301006941140028e-01 4.812381941945315100e-01 4.708462876949489617e-01 4.604543811953664134e-01 4.500624746957837541e-01 4.396705681962012058e-01
1.100000000000000000e+01 5.201291809747089490e-01 5.086063422625017871e-01 4.970835035502950694e-01 4.855606648380879631e-01 4.740378261258810788e-01 4.625149874136740280e-01 4.509921487014670882e-01
1.200000000000000000e+01 5.153957491842606764e-01 5.041753732144943490e-01 4.929549972447280215e-01 4.817346212749617496e-01 4.705142453051954221e-01 4.592938693354290391e-01 4.480734933656627117e-01
1.300000000000000000e+01 4.953214393648230351e-01 4.854697147375661159e-01 4.756179901103093077e-01 4.657662654830524440e-01 4.559145408557955803e-01 4.460628162285387166e-01 4.362110916012818529e-01
1.400000000000000000e+01 4.709035221762004619e-01 4.626866955294511308e-01 4.544698688827019661e-01 4.462530422359526905e-01 4.380362155892034148e-01 4.298193889424541392e-01 4.216025622957049190e-01
1.500000000000000000e+01 4.503636967790720647e-01 4.432793913055951829e-01 4.361950858321185232e-01 4.291107803586417524e-01 4.220264748851649261e-01 4.149421694116881554e-01 4.078578639382113291e-01
1.600000000000000000e+01 4.446492559647539089e-01 4.375494832311915272e-01 4.304497104976291455e-01 4.233499377640667638e-01 4.162501650305043821e-01 4.091503922969420559e-01 4.020506195633796187e-01
1.700000000000000000e+01 4.617546775721821928e-01 4.533503077123248182e-01 4.449459378524673325e-01 4.365415679926098469e-01 4.281371981327524723e-01 4.197328282728950422e-01 4.113284584130375010e-01
1.800000000000000000e+01 4.936161692909529775e-01 4.833451811258295816e-01 4.730741929607062413e-01 4.628032047955827899e-01 4.525322166304593940e-01 4.422612284653359982e-01 4.319902403002126023e-01
1.900000000000000000e+01 5.165273038509330394e-01 5.051151863826517374e-01 4.937030689143705464e-01 4.822909514460891889e-01 4.708788339778078869e-01 4.594667165095265293e-01 4.480545990412452828e-01
2.000000000000000000e+01 5.113782179453316701e-01 5.004302292641733541e-01 4.894822405830150935e-01 4.785342519018567775e-01 4.675862632206983505e-01 4.566382745395399789e-01 4.456902858583815519e-01
2.100000000000000000e+01 4.833225322588755590e-01 4.741244844679605719e-01 4.649264366770456958e-01 4.557283888861307086e-01 4.465303410952156105e-01 4.373322933043006788e-01 4.281342455133857472e-01
2.200000000000000000e+01 4.532597012854014396e-01 4.459390785250872957e-01 4.386184557647732629e-01 4.312978330044591746e-01 4.239772102441449753e-01 4.166565874838308314e-01 4.093359647235167431e-01
2.300000000000000000e+01 4.385071096574799654e-01 4.321051928552620547e-01 4.257032760530440885e-01 4.193013592508262888e-01 4.128994424486083781e-01 4.064975256463904674e-01 4.000956088441725012e-01
