# LAT_S =-0.5857506
# LON_S =267.6066184
# LAT_O =1.680837
# LON_O =210.1242232
#
# apparent albedo ( time x band )
#
0.000000000000000000e+00 4.197802286325786336e-01 3.279974829916021961e-01 2.442694202462571962e-01 2.318919016815391421e-01 2.573529652822777458e-01 2.754081725546585480e-01 2.037853764933268697e-01
1.000000000000000000e+00 4.207779720820043479e-01 3.279661480274521090e-01 2.397434936552757523e-01 2.259873424215918525e-01 2.476477004122540626e-01 2.622439225889107717e-01 1.919958423260261782e-01
2.000000000000000000e+00 4.218710103994209870e-01 3.279284797953890829e-01 2.347637202810636259e-01 2.194921127663937710e-01 2.369735870392423172e-01 2.477662581715760481e-01 1.790289256606694135e-01
3.000000000000000000e+00 4.225342487093177168e-01 3.279849581986325480e-01 2.322544439591250343e-01 2.161855895695932450e-01 2.314916961208844104e-01 2.403136061006803659e-01 1.723805802650411889e-01
4.000000000000000000e+00 4.222995053811744448e-01 3.280299858360759546e-01 2.335624685395679689e-01 2.178760228619524564e-01 2.342473554698244753e-01 2.440431106692324548e-01 1.757333045763574686e-01
5.000000000000000000e+00 4.213340052774167677e-01 3.280647461885015104e-01 2.379707962652665154e-01 2.236252729359841096e-01 2.436946425249005566e-01 2.568564629013095901e-01 1.872100795041547749e-01
6.000000000000000000e+00 4.202239513386258341e-01 3.280945940248013448e-01 2.429737972761299436e-01 2.301543612795307892e-01 2.544294875672087342e-01 2.714183410438616439e-01 2.002496012935608694e-01
7.000000000000000000e+00 4.195196418578783781e-01 3.280454219333133192e-01 2.457082352685085458e-01 2.337520716051952607e-01 2.603863427401056918e-01 2.795139130970924479e-01 2.074757545020698424e-01
8.000000000000000000e+00 4.197826935478490840e-01 3.280686101150917522e-01 2.447181016192882252e-01 2.324469508162558817e-01 2.582220120801843044e-01 2.765712932431605986e-01 2.048510203105794458e-01
9.000000000000000000e+00 4.208296819928442623e-01 3.281227723049149336e-01 2.405309491669170852e-01 2.269473138132019896e-01 2.491294040575950108e-01 2.642189130440025790e-01 1.938178949358321246e-01
1.000000000000000000e+01 4.220232914766078869e-01 3.281419981712138667e-01 2.354828084571219671e-01 2.203373336689327944e-01 2.382301732823001172e-01 2.494226939212660088e-01 1.805859184808569218e-01
1.100000000000000000e+01 4.226925694600660588e-01 3.281349933832015120e-01 2.325373646062229294e-01 2.164887201252370386e-01 2.318957270537012616e-01 2.408275507320870590e-01 1.728930693859731249e-01
1.200000000000000000e+01 4.224308558046601658e-01 3.280744379040004266e-01 2.332803696431410834e-01 2.174873203389279808e-01 2.335789212025086992e-01 2.431257629456426150e-01 1.749281169878557640e-01
1.300000000000000000e+01 4.202285518846140544e-01 3.270320883835924342e-01 2.360918459773733713e-01 2.216282463892595700e-01 2.410609575544902794e-01 2.535188269027111030e-01 1.838614375387739308e-01
1.400000000000000000e+01 4.179298434324031919e-01 3.260375452410215757e-01 2.396298248078507498e-01 2.266979158112214232e-01 2.500423411953829333e-01 2.659357636950475112e-01 1.946223658468044515e-01
1.500000000000000000e+01 4.190822277443359001e-01 3.274201090266035674e-01 2.435652172380263214e-01 2.312282483282590007e-01 2.566264084281856261e-01 2.745544459767981782e-01 2.028189285148908616e-01
1.600000000000000000e+01 4.236055309534079161e-01 3.308269187269966549e-01 2.459665493137520587e-01 2.328506744133279072e-01 2.571359834692751312e-01 2.744652848809843171e-01 2.039345246222830088e-01
1.700000000000000000e+01 4.272413037706782046e-01 3.329801372488783717e-01 2.441177367260667919e-01 2.294737099571832195e-01 2.502070528033520369e-01 2.645682902088241084e-01 1.958348341338174148e-01
1.800000000000000000e+01 4.268503213505616678e-01 3.318397950577264832e-01 2.384472838953831664e-01 2.225665394752959769e-01 2.395544304104111621e-01 2.503724882372099225e-01 1.827332070395129293e-01
1.900000000000000000e+01 4.240119634667273152e-01 3.291809003666101852e-01 2.335748065118725958e-01 2.173794099547602388e-01 2.326987997417815646e-01 2.416777480774505993e-01 1.740207571803891740e-01
2.000000000000000000e+01 4.220094910732624105e-01 3.278797719732584048e-01 2.338490660098234419e-01 2.183177263709135951e-01 2.350702234808334512e-01 2.451942841229735881e-01 1.767105952585407147e-01
2.100000000000000000e+01 4.210024046313416424e-01 3.279121327975793032e-01 2.384221042485529241e-01 2.242834361363655604e-01 2.448755556104525166e-01 2.584941045623592726e-01 1.886217892742440561e-01
2.200000000000000000e+01 4.198941441221900606e-01 3.279258645026427166e-01 2.433132503834105342e-01 2.306734326620646369e-01 2.553915388302034351e-01 2.727626492258014013e-01 2.013932000099776243e-01
2.300000000000000000e+01 4.193832734589643119e-01 3.279563195302894196e-01 2.457237119776075340e-01 2.338120066415180220e-01 2.605416218253802652e-01 2.797450682992295157e-01 2.076513135766052121e-01
