1.072953524745679232e-01 1.128935196678777231e-01 1.384212124379399778e-01 1.618118958346759229e-01
1.016435733468148278e-01 1.156731359833752804e-01 1.453675381705799574e-01 1.711414894371279805e-01
1.059730561438646940e-01 1.135438416942104040e-01 1.400463822863219909e-01 1.639946576002403456e-01
1.215865040326488261e-01 1.058649509393112670e-01 1.208566559375833377e-01 1.382209816934591995e-01
1.369649179474626000e-01 9.830165285956395105e-02 1.019557983688395980e-01 1.128352847593779573e-01
1.393041043693402925e-01 9.715121145053695617e-02 9.908081856718005398e-02 1.089739062123417229e-01
1.323533316473834154e-01 1.005696892124143260e-01 1.076236738927129621e-01 1.204477949211964632e-01
1.249115370665755259e-01 1.042296577224750970e-01 1.167700202068934767e-01 1.327322309443483006e-01
1.227672597925396902e-01 1.052842403523221865e-01 1.194054466929373448e-01 1.362718660018282235e-01
1.295777905207321501e-01 1.019347353732047018e-01 1.110349559535041969e-01 1.250294797594082852e-01
1.412316333109236433e-01 9.620322838652986541e-02 9.671178687208414892e-02 1.057920653662210858e-01
1.503167738880784587e-01 9.173504157207303111e-02 8.554568424329440923e-02 9.079489943137697416e-02
1.564275410302342351e-01 8.872968915744405827e-02 7.803523875590986925e-02 8.070763792542434700e-02
1.606156223124683979e-01 8.666993791812836745e-02 7.288787256845294382e-02 7.379422261777152103e-02
1.622109237372618695e-01 8.588534854047247258e-02 7.092716549057999365e-02 7.116080159576976261e-02
1.607573846768721171e-01 8.660021739789693085e-02 7.271363936904462477e-02 7.356021042123768450e-02
1.556279793034676118e-01 8.912292370726121460e-02 7.901794102928784425e-02 8.202750301607820982e-02
1.479301181708702895e-01 9.290882897973222476e-02 8.847900623777703311e-02 9.473463723910226231e-02
1.393571557605768341e-01 9.712512010667730122e-02 9.901561569286934650e-02 1.088863323866323674e-01
1.327374931973573646e-01 1.003807537129977195e-01 1.071515196913976203e-01 1.198136457342005579e-01
1.294563178413731253e-01 1.019944771702213787e-01 1.111842520918300270e-01 1.252299990483973502e-01
1.296224234043205914e-01 1.019127843576703024e-01 1.109800998558428259e-01 1.249558026648556752e-01
1.274272466831695427e-01 1.029923999780948951e-01 1.136780843667637292e-01 1.285794592570488892e-01
1.184995970496674628e-01 1.073831307585091377e-01 1.246506225674637175e-01 1.433166492680052473e-01
1.072953524745679510e-01 1.128935196678777231e-01 1.384212124379399500e-01 1.618118958346759229e-01
