1.100515078289249216e-01 9.490349510945761402e-02 8.867263109337263083e-02 1.887694590669168893e-01
1.208864939961818430e-01 9.501941614648215517e-02 9.053051059161673630e-02 1.605710065784397012e-01
1.308602827807731073e-01 9.825199636570218498e-02 1.009526669404529620e-01 1.286931706042364065e-01
1.314747486542814370e-01 1.008228929736293134e-01 1.082049105817953216e-01 1.222369452379279825e-01
1.377891916695220820e-01 9.789626463853075278e-02 1.009427237888078505e-01 1.114746266957546139e-01
1.521019129854395691e-01 9.085708763079257400e-02 8.335165695241000816e-02 8.784810658513063364e-02
1.589854533999403574e-01 8.711716992553485139e-02 7.390341060539197537e-02 7.715666588176323115e-02
1.537925714665772936e-01 8.707163292422788470e-02 7.304091247199653858e-02 9.065235366332961842e-02
1.398867426498306421e-01 8.884630652559606656e-02 7.601721179894736780e-02 1.231996044256115086e-01
1.293625527372183615e-01 9.042672764254257312e-02 7.893113828514017327e-02 1.473824732510265467e-01
1.231472119213514460e-01 9.207927342308859509e-02 8.265643847656597987e-02 1.603021086534861805e-01
1.123978170326507264e-01 9.429540340129632936e-02 8.731021295763631562e-02 1.838624289525746525e-01
