

# albedo ( band x surface type )
1.000000000000000056e-01 9.000000000000000222e-01 8.000000000000000444e-01
2.999999999999999889e-01 5.000000000000000000e-01 7.500000000000000000e-01
3.499999999999999778e-01 4.000000000000000222e-01 6.999999999999999556e-01
4.000000000000000222e-01 5.000000000000000000e-01 5.000000000000000000e-01
4.500000000000000111e-01 5.999999999999999778e-01 2.999999999999999889e-01


# area fraction ( longitude slice x suface type )
2.000000000000000111e-01 2.999999999999999889e-01 5.000000000000000000e-01
5.500000000000000444e-01 1.499999999999999944e-01 2.999999999999999334e-01
2.999999999999999889e-01 2.999999999999999889e-01 4.000000000000000222e-01
4.000000000000000222e-01 2.000000000000000111e-01 3.999999999999999112e-01
8.000000000000000444e-01 1.000000000000000056e-01 9.999999999999997780e-02
1.000000000000000056e-01 6.999999999999999556e-01 2.000000000000000666e-01
