1.067046064720711812e-01 9.542956060383368799e-02 8.966470219026864696e-02 1.964156558153170029e-01
1.019762636060201899e-01 9.574770213252491169e-02 8.988159537438356050e-02 2.080229375956747784e-01
1.334097856160128270e-01 9.294568585422074980e-02 8.652488719194302569e-02 1.321602837049049295e-01
1.324809772019404641e-01 9.998603580862362727e-02 1.060150872381761533e-01 1.212236707976219047e-01
1.254389577715500637e-01 1.039702655623180594e-01 1.161217931739400300e-01 1.318615987551376156e-01
1.428416818203047389e-01 9.541138620652633850e-02 9.473295487268872106e-02 1.031343008051471000e-01
1.562645746834305793e-01 8.880983806387036938e-02 7.823553273463203228e-02 8.097665229279200905e-02
1.620897460640128296e-01 8.590702659892922310e-02 7.097041808716691991e-02 7.143265520710623262e-02
1.535042945307945883e-01 8.701171714572572546e-02 7.283308939954112604e-02 9.151024910822665170e-02
1.336672184719900069e-01 8.978549059483320605e-02 7.775374863139283832e-02 1.374812129800145333e-01
1.246287956398791641e-01 9.073298732726750582e-02 7.911414930318586003e-02 1.590262413223691440e-01
1.268966667406566939e-01 9.206509171953128345e-02 8.314803292879294205e-02 1.506468556775221179e-01
